# timestamp tx ty tz qx qy qz qw 
1.000000119 -0.01263708620222872 0.12498974334337026 0.711595460364553 -0.002146722863572736 0.005935256822107138 1.460510212813355e-05 0.9999800818486805
1.050000072 -0.01432123738876515 0.1338163794496297 0.7151556405303552 -0.0023605332338146197 0.006194236180400557 1.656683191790003e-05 0.9999780292819107
1.100000024 -0.01610701142963389 0.1427023406877439 0.7126189481124977 -0.0025805476251653317 0.006431518185178804 1.8616550591810862e-05 0.999975987712311
1.149999975 -0.01789778967584798 0.15119852209632548 0.7046140670306428 -0.0027948071499363037 0.006636298331302768 2.0631266058108128e-05 0.9999740737498165
1.199999928 -0.03673077910672059 0.15904130864868096 0.6659319098499846 -0.0037262861520691785 0.0008474749666301966 0.0003768123991581799 0.9999926272678762
1.24999988 -0.04123489175184145 0.16821343964611105 0.6445652980297554 -0.0039982931223974585 0.0007018036628113555 0.000397526618649604 0.9999916815135582
1.299999833 -0.019914804945218804 0.17156722947589523 0.6297162661632727 -0.00468312930505639 0.0019642736611166964 0.0015089938785373173 0.9999859663347135
1.349999785 -0.02343765264981369 0.18072981604130503 0.5978429503092623 -0.004982075781590972 0.0018391381634508684 0.0015817577182789435 0.9999846471492665
1.399999738 -0.01232755870810311 0.18523718690454039 0.558325875343738 -0.004604859433394713 0.005002948828392824 0.0015831403659880517 0.999975629422638
1.44999969 -0.014791775219515997 0.19418611779462466 0.5162184773510147 -0.004879223278200406 0.00497321798074959 0.001652743951423973 0.999974364031673
1.499999641 -0.0218880211680605 0.20195614751324312 0.4644514374869435 -0.004740079758514553 0.007668897969219317 0.0017090744715237787 0.9999578984698663
1.549999595 -0.02400909667155859 0.21087141833920212 0.4132107426091742 -0.0050002757734484505 0.007699684362608929 0.001778008502234634 0.9999562744383734
1.599999546 -0.02391395624818396 0.2200736845056483 0.36784073527176975 -0.005472572682964724 0.005770532300719472 0.0022244674627953103 0.999965901243489
1.649999499 -0.026863990874266268 0.22919663067661414 0.30940538692927544 -0.0057402799440905185 0.005679517413467471 0.0023071579834185022 0.9999647340232322
1.699999451 -0.030001154449859214 0.23839116471240415 0.24778881625764787 -0.0060069576585280084 0.005563586256913916 0.002389697848325932 0.9999636254943698
1.749999404 -0.03333171239459048 0.24765784679011207 0.18341285882967254 -0.006271982611029482 0.005422868903367975 0.002472066411797062 0.9999625711068587
1.799999356 -0.03402116225216917 0.25881269583081723 0.07372786850378299 -0.007118070541834249 0.010809738767490657 0.004238077025933896 0.9999072563606397
1.849999309 -0.03522258892454419 0.26853233020772344 0.0038019114818422573 -0.007396570228278197 0.010799448832592816 0.004374694905533917 0.9999047578135901
1.899999261 -0.030757614687894192 0.2783039702252239 -0.08985440626746043 -0.006836970445401572 0.01316497877399328 0.0046746613524425015 0.9998790360389846
1.949999212 -0.030523345575470914 0.28783126794932734 -0.16277500200664954 -0.007082619322510719 0.013179938353379751 0.004815374133707842 0.9998764613193403
1.999999166 -0.030104173437180498 0.29742386431004625 -0.23614066974203166 -0.00732354992906751 0.013171691758531681 0.00495578665595365 0.9998741482463059
2.049999237 -0.029486867672577563 0.3070821249689199 -0.30946782137743 -0.007559186881977452 0.013140732643766515 0.005095881005198104 0.9998720977385304
2.099999189 -0.02065474917275104 0.3200789290190169 -0.4297947525772821 -0.0078032998170390585 0.019384446617959118 0.006732090722630986 0.999758986304091
2.149999141 -0.01583945497604435 0.3299767324848826 -0.5028486316864298 -0.00802679948142248 0.019480213373516127 0.006911959113366915 0.9997541280726091
2.199999093 -0.00984593977304658 0.3398365704700145 -0.5775290919651258 -0.007855204401050548 0.019954591956467795 0.00705253749649542 0.9997451533958688
2.249999046 -0.003589226753788324 0.34963798965473014 -0.6472453807912973 -0.008054370457406016 0.020019601774641245 0.0072303343052900464 0.9997409989227978
2.299998999 -0.0814242611024598 0.39485939721604896 -0.6340963544467668 -0.009392395661029257 0.019137635425664455 0.009665262802669003 0.9997260207221859
2.34999895 -0.07656869833042622 0.40638056597146494 -0.6965324773836932 -0.009601656683059314 0.019141958179787907 0.00989801904480427 0.9997216726894407
2.399998903 -0.08067856963164141 0.40174214841294803 -0.7109722462256982 -0.009101964543987047 0.01490677734557155 0.006961261901749139 0.9998232259071326
2.449998856 -0.07770885203180368 0.41257027639938704 -0.7654032843788525 -0.009277878138910902 0.014778153876263227 0.00711927106618453 0.9998224057925165
2.499998807 -0.09318387200875763 0.40191141769093097 -0.7643146772594555 -0.00801191813171417 0.009910701131187234 0.003250720031594461 0.9999135062545238
2.549998759 -0.09327345253682977 0.41129508455818237 -0.8090833398683888 -0.008137747115272459 0.00964600439059825 0.003318004541967413 0.9999148576339106
2.5999987129999997 -0.10655021458948125 0.40821415661548244 -0.8191566208439596 -0.00751380325734592 0.006541004416846878 0.0012281643704859623 0.9999496235481605
2.649998665 -0.10875812849480408 0.4167096525173359 -0.8534705014942698 -0.007603584336641974 0.006189159763530933 0.0012486851518911384 0.9999511591033078
2.6999986160000002 -0.11088628540194707 0.4251454541850795 -0.8824742957746013 -0.00768234204739037 0.005825504248651809 0.0012689010604768846 0.9999527163876373
2.7499985689999997 -0.1129288532575219 0.4335182668345121 -0.9059306195876928 -0.0077497954990919235 0.005451153669650402 0.0012888327748260546 0.9999542812066314
2.799998522 -0.1310524788196011 0.43414359236441036 -0.8959807259387406 -0.007645024512485314 0.002094797287709243 -5.188182758295696e-05 0.9999685808728207
2.849998474 -0.1359489092211764 0.44209102547191304 -0.9071941196800342 -0.007686564374965046 0.001644040445111776 -5.8981118387081615e-05 0.9999691047129167
2.899998425 -0.1522269201746562 0.44558953761390824 -0.8966134696402971 -0.007554960333237447 -0.0005999291072071724 -0.0007834769147393746 0.9999709739904223
2.949998379 -0.15922652501077803 0.45313617862330713 -0.8953186904816435 -0.007569666896845958 -0.0010977288779573252 -0.000804320444102509 0.9999704236641225
2.999998331 -0.17430120700044788 0.4587084322976312 -0.8786237482694015 -0.007494937793425503 -0.0027692790915749884 -0.0011600405847761765 0.9999674051221007
3.049998282 -0.18301340432962224 0.4659483658556815 -0.8647328614331661 -0.007483772636272276 -0.0032967667338226776 -0.0011870217626074881 0.999965857144916
3.099998235 -0.19605093110110558 0.47281406128161546 -0.8407708682784996 -0.007456170216259763 -0.004422995290216591 -0.0013136397629446282 0.9999615577555679
3.149998188 -0.20599897517789595 0.47982763219656155 -0.8144636036068147 -0.007420073634443749 -0.004964387493634318 -0.001342286605018988 0.9999592469849671
3.199998139 -0.21754151048542855 0.48733999817867674 -0.7813082055868869 -0.00741134948930697 -0.0057668544912821106 -0.0013661698281738958 0.9999549734203158
3.2499980920000002 -0.2284096930974249 0.4941783763991309 -0.7430180710538167 -0.0073509713356117575 -0.006311101833619696 -0.001394528560853582 0.9999520931045456
3.299998045 -0.23871027287990118 0.5018648004081107 -0.7000988408717577 -0.00733483242487627 -0.006895003881794114 -0.0013847283746381786 0.9999483695081948
3.349997997 -0.25025632989382657 0.5085499614846849 -0.6505276877549842 -0.007250603216388454 -0.007433384992234908 -0.0014121386825801897 0.9999450881947954
3.399997949 -0.2594458312582329 0.5161464428911108 -0.5979952793236455 -0.0072182131173479085 -0.007859391858725116 -0.001409832335064168 0.9999420681878479
3.449997901 -0.2714709841400389 0.5226898072419024 -0.5381067103800604 -0.007110658680974812 -0.008384596324325639 -0.001436342214803527 0.999938535110355
3.499997854 -0.27921280301127477 0.5297904314301186 -0.47670068294004175 -0.007041155743015634 -0.008644550690165488 -0.0014643472596866582 0.9999367727792948
3.549997807 -0.2914858410238306 0.5361739505524071 -0.4077012813278542 -0.006910711047443097 -0.00914952151850184 -0.0014903666883455925 0.9999331513335957
3.5999977579999998 -0.3040601252177119 0.5424444687926374 -0.3346320681653407 -0.006768777346184238 -0.009644611728276326 -0.0015160684908685914 0.9999294308370865
3.649997711 -0.3169338281297498 0.5486014653191038 -0.25787258254209283 -0.006615614838190396 -0.01012868646834467 -0.0015414282406363894 0.9999256309094781
3.699997663 -0.32117939108756827 0.5540194847239537 -0.18227849825662445 -0.006457900991531521 -0.010100578698596945 -0.0016631468984162282 0.9999267512008726
3.749997615 -0.3338703820747451 0.5599460046914998 -0.09944482320662179 -0.006283238335541146 -0.010552095317949548 -0.0016892629142459317 0.9999231573432162
3.799997568 -0.3379020792561255 0.5653703974596794 -0.018249059313338388 -0.006093999097698028 -0.010543786096716095 -0.001764911050272813 0.9999242855530257
3.84999752 -0.3504075081495857 0.571056676217773 0.06891196980739013 -0.00589904849434983 -0.010959538529367074 -0.001791019015313546 0.9999209378710757
3.899997473 -0.35883173482975295 0.5859480870141486 0.13811920263644456 -0.005529186816043092 -0.011133103019974135 -0.0017854710879670452 0.9999211439925121
3.949997424 -0.37126907654329744 0.5912658326787287 0.22787194153949897 -0.005313320537832143 -0.011512397916465295 -0.0018103521696991292 0.999917974607966
3.999997377 -0.3732436052551223 0.5969739732721473 0.31567107397774 -0.005159915084507586 -0.011358548947545857 -0.0020310308973677674 0.9999201135868908
4.04999733 -0.3852665198382923 0.6021500697532385 0.40603033097722474 -0.0049280786504281105 -0.011694089536196576 -0.0020577763234761607 0.9999173605190268
4.099997519 -0.3842705472020088 0.6145166746643614 0.4724350844850989 -0.004747072535776755 -0.012204222108363035 -0.0014213916103797363 0.9999132471924552
4.149997711 -0.39671236426251366 0.6196299360714134 0.5609177458826037 -0.004501096012014425 -0.01250207825348592 -0.001438627599225755 0.9999106802733257
4.199997901 -0.41331897727731803 0.6205620128334899 0.6450438557185243 -0.004221198514126303 -0.012582457767519548 -0.002515584507759798 0.9999087633750479
4.249998093 -0.42586485368270666 0.6253590025394561 0.7303654811621942 -0.003961867049132696 -0.012835202395154916 -0.002545443372382017 0.9999065365857945
4.299998282 -0.43325377636438706 0.6296951312056465 0.8136834964220692 -0.00375949304393004 -0.012803165879602557 -0.0029053722325554534 0.9999067476358496
4.349998474 -0.4457082855278887 0.634349268434712 0.8940055971012976 -0.0034901495533629315 -0.013007524242798368 -0.0029385825089701984 0.9999049894374996
4.399998665 -0.45831564347390763 0.6388940959300247 0.9711778286728704 -0.003216297582717617 -0.013188537939533855 -0.0029714165349393165 0.9999034396283736
4.449998855 -0.4710732072107364 0.6433302473365871 1.0447972119423115 -0.002938524353974705 -0.013345790280992628 -0.0030038915377365995 0.9999021110048857
4.499999046 -0.47747029568279226 0.6536236305551245 1.1050686012903999 -0.0026082086500631998 -0.013457231278280538 -0.0024963952642311194 0.9999029293809701
4.549999236 -0.49036918596258683 0.6578238202169437 1.1704293362575673 -0.002323937762502426 -0.013565577625063312 -0.0025218538365828704 0.9999021025431446
4.599999428 -0.5034093544689497 0.6619143856129964 1.2311729501134194 -0.0020375731772935713 -0.013649270764346789 -0.0025470149974657296 0.9999015243601499
4.649999618 -0.5165888182745992 0.665895500711189 1.2869990397549407 -0.0017497323615706154 -0.013708136378868916 -0.002571902604986402 0.9999012004946647
4.699999809 -0.5132273890688659 0.6820237783097218 1.272817942963133 -0.001257032233550429 -0.01457661381333926 0.00012494469129024086 0.999892957565221
4.75 -0.5282862364373778 0.6858106361604017 1.3186273973635259 -0.0009521819304291349 -0.014594702139812357 0.0001316755859208693 0.9998930296189499
4.80000019 -0.5427938061195775 0.6892977105562232 1.356463998253966 -0.000662342005815019 -0.014586330661322696 0.0001382908667262106 0.9998933848848797
4.850000381 -0.5574621370668085 0.6926676289679962 1.3884805396071547 -0.0003736174063685266 -0.014553065239338064 0.00014507824334486876 0.9998940182111686
4.900000571 -0.5722905591212906 0.6959195306859978 1.414546555083242 -8.662862068045767e-05 -0.01449504783371327 0.00015201021914205599 0.9998949259680608
4.950000763 -0.5872787300904548 0.6990522848467131 1.4345685484974835 0.00019800817052602768 -0.014412482142750873 0.000159059403983729 0.9998961025283354
5.000000953 -0.6024266470904205 0.7020644772862347 1.448490573851744 0.0004796826933234499 -0.014305633319883234 0.00016619875749735458 0.999897540319909
5.050001144 -0.6177346535743872 0.7049543984012897 1.4562945781445509 0.0007577921100583493 -0.014174827157406904 0.00017340182252091737 0.9998992299016854
5.100001334 -0.6384551018764981 0.7458529306279006 1.427133341542029 0.0004214159551614979 -0.014670743815339114 0.001355696837755281 0.9998913709851593
5.150001525 -0.655019615726819 0.7497144981580665 1.4221352082188714 0.0006837587937448673 -0.01449981253288649 0.0013748854717928968 0.9998936931496081
5.200001717 -0.6626406291993548 0.7617836379190543 1.415319773873335 0.000678339124654955 -0.014010449015586216 0.000606678161357185 0.999901434700452
5.250001906 -0.6790745633267754 0.7658817384800725 1.3986313986820558 0.0009271603689875616 -0.01379194512514802 0.000617668012447605 0.9999042659722689
5.300002098 -0.6424169217519489 0.7807507350595742 1.374133062192044 0.0007754451375259838 -0.012307761428008705 -0.0010670041381631975 0.9999233866630179
5.350002288 -0.6569195354681946 0.7853050712806771 1.3463199955428133 0.001007824758284444 -0.01203485102106909 -0.0010733195762891827 0.9999264946161016
5.40000248 -0.6288633930070765 0.8149333741163411 1.338888657371982 0.0004587388135843349 -0.010386982336318518 -0.0038750800775897523 0.9999384400607062
5.450002669 -0.6413739205043175 0.8206287574378418 1.3014378863280285 0.000669659102751104 -0.010061706411183867 -0.0039093027804899825 0.9999415137759569
5.50000286 -0.6149425958934753 0.8362172541785221 1.2574476637580332 0.0007945540084653461 -0.008916618706817462 -0.003572386349519845 0.9999535492464311
5.550003052 -0.6261562027226805 0.8419674545444218 1.2110575375657382 0.0009874166743140608 -0.008547444687108713 -0.0036034552243563683 0.9999564897074663
5.600003241 -0.623046915267149 0.8511921226623603 1.156459774880601 0.0011353425059235102 -0.00792663844367949 -0.0033598230671041188 0.9999622947838259
5.650003433 -0.6339288080749071 0.8568454614372571 1.1024846639609192 0.0013088444442994145 -0.007522698664793366 -0.0033886436974993233 0.9999651059036565
5.700003623 -0.6075752236161516 0.8566101258257292 1.0517683544113956 0.0012979030993650713 -0.006121041465437586 -0.0054894832916864925 0.999965356335965
5.750003815 -0.6168811503349707 0.8622377547906402 0.9920250047444669 0.0014504848971070184 -0.00567948266575567 -0.005537744472189529 0.999967485949605
5.800004004 -0.6262111197522716 0.8677812689428479 0.9299806301909583 0.001592366858481722 -0.00522518560705854 -0.00558613879342772 0.9999694779624728
5.850004196 -0.6355644766718291 0.8732375499617812 0.8660897029150146 0.0017232400276326718 -0.004759240422807589 -0.005634660561400754 0.9999713149259647
5.900004387 -0.6169309178254843 0.8800359945521019 0.7925697304400118 0.0018189386668268105 -0.0038212918497252967 -0.005624172015649532 0.9999752286331217
5.950004577 -0.6254032922535133 0.8853260882652364 0.7262653787383497 0.0019267422938819816 -0.003331298530759692 -0.005672408607342717 0.9999765066714434
6.000004768 -0.6912302246158325 0.8980271061435106 0.6931840828526722 0.001974459696017389 -0.003563234131735235 -0.005059207450099433 0.9999789044231924
6.050004958 -0.7013861915039076 0.9032686280260025 0.6271079042379709 0.0020577240968057495 -0.003064390293578305 -0.0051019038356376395 0.9999801727339007
6.10000515 -0.8196841533981548 0.9092357402318404 0.625147926048924 0.002143745340217362 -0.003827384673873826 -0.004913122252785346 0.9999783081208331
6.15000534 -0.8329362575767847 0.9142948236587604 0.5617481224698607 0.002202575691746332 -0.0033290411092856656 -0.00495403061747829 0.9999797616583328
6.200005531 -0.8265008174744641 0.9340381900184651 0.4735257001731806 0.0022801003622487663 -0.0028422729981433708 -0.0037086516975070784 0.9999864841732257
6.250005722 -0.8397052197746846 0.9388758306785463 0.413563283677577 0.002313705313549849 -0.002338688760449793 -0.0037388488001932813 0.9999875990792353
6.300005912 -0.9296750014873787 0.9259659923827114 0.3959749326770414 0.00252671590301817 -0.002659452106325235 -0.004850478559309606 0.9999815077685114
6.350006104 -0.9451194074558161 0.9302056631111268 0.34197140130355774 0.0025375006436552704 -0.0021622073601112136 -0.0048896609545696895 0.999982488429455
6.400006293 -0.9874098287471584 0.9204673252594554 0.30524407431654504 0.0026638336517404706 -0.0019347278163720297 -0.005745358797623891 0.9999780755950797
6.450006485 -1.0038198959197588 0.9241565494012065 0.25846712781683334 0.0026511820793422773 -0.001444118654371053 -0.005791168252993823 0.9999786738351772
6.500006675 -1.026268932250557 0.9208584740855689 0.21675004960090238 0.002712016156346594 -0.0010396742920065147 -0.006095486606341419 0.9999772042845609
6.550006866 -1.0431754988635364 0.9240852038782686 0.17850395043241102 0.0026756136018211895 -0.0005591538063714307 -0.00614330038085597 0.9999773938941346
6.600007057 -1.0602516739451984 0.9271570212124634 0.14502370001112422 0.00262711892451936 -8.517916324668331e-05 -0.006191075793980321 0.9999773805297698
6.650007247 -1.0774992219866713 0.9300707867241667 0.11660815566051608 0.0025667049260146625 0.0003810526167254659 -0.006238801126151201 0.9999771718320546
6.700007439 -1.075584938221608 0.9319562901863578 0.08033621127711815 0.0025096198507893797 0.0010064355054169615 -0.006269871108026261 0.9999766885343212
6.750007628 -1.092690849103152 0.9345126336819023 0.06260303934713488 0.002426123486087622 0.0014549726186399484 -0.006317302911042132 0.999976044044776
6.80000782 -1.0845818188779544 0.9385949649493899 0.03412987769203923 0.0022875030519574247 0.002123565104557308 -0.006446939883711168 0.9999743470545482
6.85000801 -1.101361928723085 0.9408878247862345 0.027826373089662952 0.0021815322923823127 0.002550382278766354 -0.0064948087756865405 0.9999732766059584
6.900008202 -1.0900364787099024 0.9455032935169452 0.009971556117791366 0.0020003876558028666 0.0032330608621048244 -0.006689848489713017 0.9999703954087207
6.950008392 -1.1063713543108946 0.9475666176301961 0.015598125973574748 0.0018730618613862287 0.0036341627303824175 -0.006738605814303064 0.9999689373636524
7.000008582 -1.0947274821779294 0.9520634424461882 0.0102070978027258 0.0016590742761585235 0.004295388542592385 -0.0070374448422644 0.9999646351146159
7.050008774 -1.1105727605288465 0.953920117555457 0.027989187301707682 0.001511792115651891 0.004666820701890539 -0.007087826362495591 0.999962848303171
7.100008964 -1.0986400201394604 0.9578746516045183 0.035261102421873025 0.001275568975863385 0.0053055288554400394 -0.007496683881002929 0.9999570110850469
7.150009155 -1.1139454762806682 0.9595346322586725 0.06512310647965261 0.0011099816691542935 0.005643679739992202 -0.007549456524299638 0.9999549602486476
7.200009345 -1.1017477672035512 0.9627986994496793 0.08483268532500716 0.0008563631862516276 0.0062568567773273335 -0.008069414440580033 0.9999475000898536
7.250009537 -1.116461038188471 0.9642683142235231 0.1263975676799729 0.0006743062955516048 0.00655847358615019 -0.008125341635634187 0.9999452537806977
7.300009726 -1.103389433758793 0.9668289806029754 0.1581137024462935 0.0004008402651294275 0.007159505448998201 -0.008808029579912833 0.999935497631586
7.350009917 -1.117425210428372 0.9681236603178176 0.21071361703317124 0.00020426428547529025 0.00742185961520872 -0.008868227727080357 0.9999331121694763
7.400010109 -1.103557947703061 0.9699447782040904 0.2538357119173027 -7.816496649315239e-05 0.008008491476405394 -0.009650251720705879 0.9999213622061673
7.450010299 -1.1168304513234533 0.9710658204246148 0.3165315364873925 -0.00028713602974837256 0.008229253362396277 -0.009715369314732446 0.9999189009820129
7.50001049 -1.1021590472958014 0.97196178309853 0.37083648039445827 -0.0005899925729693629 0.008821043195426748 -0.010762708648277807 0.9999029978994266
7.55001068 -1.1145481889092108 0.9729346594691969 0.4424483469346639 -0.0008092285448105417 0.00899852106978451 -0.010834527542325995 0.9999004874389519
7.600010872 -1.1269555167324732 0.9737587370837179 0.5181053339445969 -0.0010324492855724584 0.009152182806736108 -0.010906389126911513 0.9998981059460795
7.650011063 -1.1393793509319114 0.9744349727792471 0.5974266564695507 -0.001259059675050868 0.009281679691252145 -0.010978317343429567 0.9998958654475728
7.7000112529999996 -1.121334603789303 0.9749744840776068 0.6704107375490604 -0.0015867748663798708 0.009922578936011953 -0.012200348453428905 0.9998750802327244
7.750011444 -1.1325716311374445 0.9755334983028792 0.7556665330149945 -0.001819102795172326 0.01000701063815854 -0.012280053689596188 0.9998728673608905
7.800011634 -1.1132779510464479 0.9758841265140361 0.8394317889784552 -0.002201495031328928 0.010741406684243766 -0.014123310344023556 0.9998401410760608
7.850011826 -1.12305855175745 0.9764317320937294 0.9289419450023352 -0.0024376065573926864 0.010781209705684126 -0.01421480221411669 0.9998378683514477
7.900012015 -1.132795746781294 0.9768487756756593 1.0199278355190489 -0.0026741100188923173 0.010796022480765284 -0.014306480408213671 0.9998357963448455
7.950012207 -1.142488629806715 0.977136741766092 1.1119144782144736 -0.00291038301628356 0.010785864079167727 -0.014398370493334285 0.9998339270768426
8.000012398 -1.1521363484668228 0.9772971710409802 1.2044209925484075 -0.003145803699104622 0.010750815876291049 -0.01449049734124589 0.9998322606136912
8.050012588 -1.1617380997409659 0.9773316460385896 1.2969635780256747 -0.003379752328479948 0.010691021321525433 -0.014582884872446546 0.9998307950878979
8.100012779 -1.1712931246860654 0.9772417766916628 1.389058522729489 -0.0036116128108926106 0.010606685580055382 -0.014675555813324219 0.9998295267371735
8.15001297 -1.1808007052403535 0.9770291848921292 1.4802251806146671 -0.0038407741820469226 0.010498075044374784 -0.014768531470940649 0.9998284499614106
8.20001316 -1.298872106934982 0.8862454733138726 1.6352361633239538 -0.004551940487688769 0.011104841241856499 -0.02938480535673799 0.999496120829359
8.25001335 -1.3079243081872571 0.8859946779605301 1.7233683360450847 -0.004781168073683874 0.01095645248428524 -0.02956942736286444 0.9994912433564604
8.300013542 -1.3169079412646798 0.8856411725004927 1.8091760184560404 -0.005006248190939482 0.01078488449571583 -0.029754397358372455 0.9994865179597496
8.350013733 -1.3258227995233494 0.8851861512195663 1.8922199673218034 -0.005226600292847838 0.010590631490781929 -0.029939729291256188 0.9994819326951196
8.400013923 -1.3346686718145373 0.8846307546857796 1.972078267326119 -0.00544165538138812 0.010374244093698819 -0.030125434742214227 0.9994774742973387
8.450014114 -1.34344533014598 0.8839760589411796 2.0483489175100997 -0.005650857394316422 0.010136328173625303 -0.030311522752756687 0.9994731283282581
8.500014305 -1.3114044150815518 0.8497620030060555 2.101289692238883 -0.00620444589922012 0.009676130053645825 -0.03312706975035762 0.9993850482211668
8.550014495 -1.3200289537707492 0.849102640624649 2.16911979931382 -0.006403641241589904 0.00939636152885571 -0.03332974313594964 0.999379722623668
8.600014686 -1.3285880562312509 0.8483537715988685 2.2322995293640258 -0.0065954582023797954 0.009097176573157763 -0.03353280103970233 0.9993744506259549
8.650014877 -1.3370812515534158 0.8475159820989285 2.2905299320135213 -0.006779404173896719 0.008779383821448938 -0.03373624167175518 0.9993692151035211
8.700015068 -1.345508009058473 0.8465897640719867 2.343542846914479 -0.006955005958348273 0.008443837473178476 -0.03394006039209548 0.999363998651856
8.750015258 -1.3538677318432026 0.8455755086359061 2.391102567964959 -0.007121810831336523 0.008091436620965528 -0.03414424978609261 0.9993587837560826
8.80001545 -1.3621597450556908 0.8444734996645417 2.4330072888847383 -0.007279387609253462 0.007723121902456219 -0.03434879964076126 0.9993535529868061
8.85001564 -1.370383288994319 0.8432839088757015 2.469090350618909 -0.007427327823126102 0.007339873737542837 -0.03455369702645693 0.9993482891748645
8.90001583 -1.361988759168635 0.83710917097595 2.495240861675981 -0.007623639633348828 0.006788364072876215 -0.03485163860024951 0.9993403631990617
8.950016021 -1.370163413664291 0.8357822960069811 2.519316600519845 -0.00775159828286444 0.006377409401397274 -0.0350576991754079 0.9993348783575577
9.000016212 -1.378269701569353 0.834368608355899 2.53729090938533 -0.007868841718203004 0.0059546741803046515 -0.035264050749177864 0.9993293100425805
9.050016403 -1.3863064743449114 0.8328678000839583 2.5491457416607246 -0.007975061509381466 0.00552127199923984 -0.03547067062901154 0.9993236440085668
9.100016593 -1.3942724755212668 0.8312794375232012 2.5549010672554244 -0.00806997638419767 0.005078342328749376 -0.03567753408070334 0.9993178670884809
9.150016785 -1.4021663361178256 0.829602960002821 2.554614743616804 -0.008153332813553838 0.004627048802337457 -0.035884614529139096 0.9993119673172675
9.200016975 -1.4099865691802178 0.8278376788559538 2.548382160496283 -0.00822490571684475 0.004168576345894058 -0.03609188373207826 0.9993059340491619
9.250017165 -1.4177315688687435 0.8259827776380809 2.536335651178584 -0.008284498980854137 0.003704126822036823 -0.03629931205538233 0.9992997580633295
9.300017356 -1.4253996058763962 0.8240373130374589 2.5186436762740843 -0.008331946019159072 0.003234917451580465 -0.03650686866567534 0.9992934316429996
9.350017548 -1.4329888274807807 0.8220002153227711 2.495509791869188 -0.008367110057382905 0.0027621773689629875 -0.03671452181058318 0.9992869486457284
9.400017738 -1.4404972569261945 0.8198702913333225 2.467171381393597 -0.008389884609459851 0.002287144525573851 -0.036922239089429584 0.9992803045526227
9.450017928 -1.4479227921795594 0.8176462271411004 2.433898206779434 -0.00840019364079602 0.001811062428068505 -0.037129987662074336 0.9992734965042819
9.50001812 -1.4552632094271238 0.8153265903409044 2.395990728996078 -0.008397991845900782 0.0013351766426466492 -0.03733773458182838 0.9992665233122673
9.550018311 -1.4625161628757555 0.8129098355666382 2.3537782711358894 -0.008383264666128095 0.0008607337015665628 -0.03754544702148679 0.9992593854545423
9.600018500000001 -1.4696791891779437 0.8103943086731661 2.307616981313558 -0.008356028408251922 0.0003889745219012058 -0.03775309253737812 0.9992520850575827
9.650018691 -1.476749711319433 0.8077782526094008 2.257887635985123 -0.00831633016358437 -7.886520764795883e-05 -0.03796063937894748 0.9992446258503626
9.700018883 -1.4837250419946568 0.8050598137107768 2.204993294547168 -0.00826424766506446 -0.0005415599280662362 -0.038168056678766035 0.999237013111875
9.750019073 -1.4906023912779958 0.8022370472317536 2.149356807586824 -0.00819988914097692 -0.0009978968425909133 -0.03837531476427835 0.9992292535933432
9.800019263 -1.4973788709817848 0.7993079264106568 2.0914182257633813 -0.008123393099109316 -0.0014466793996020535 -0.0385823853150157 0.9992213554296546
9.850019455 -1.5040515032804809 0.7962703495863489 2.031632073761635 -0.00803492785372202 -0.001886729139941514 -0.03878924166597557 0.9992133280328663
9.900019646 -1.5106172287159405 0.7931221481059579 1.9704645446577103 -0.007934691209734503 -0.0023168896942458357 -0.03899585896790737 0.9992051819726047
9.950019834999999 -1.5170729133583556 0.789861096918919 1.9083906445566297 -0.007822909890226088 -0.002736029206791026 -0.03920221435659925 0.9991969288456447
10.000020026 -1.5234153602140235 0.7864849221768634 1.8458912383425832 -0.0076998391167696495 -0.003143043966365295 -0.03940828717501888 0.9991885811267724
10.050020218 -1.529641317874061 0.7829913121423715 1.7834501096139366 -0.007565761829763186 -0.003536859547343685 -0.03961405906923667 0.9991801520229158
10.100020409 -1.5357474918020788 0.7793779273354077 1.7215509698347458 -0.0074209880935468455 -0.003916435028657495 -0.0398195141339629 0.9991716553057922
10.150020598 -1.5417305550174223 0.7756424102921853 1.6606744557588335 -0.007265854244335775 -0.004280764508683242 -0.040024639036185874 0.9991631051471748
10.200020789 -1.547587159017332 0.7717823973812641 1.6012952117536068 -0.0071007221390250235 -0.004628880175034104 -0.04022942303652073 0.9991545159461466
10.250020981 -1.5533139463712584 0.7677955281486257 1.5438788806514196 -0.0069259782136218435 -0.004959854559611305 -0.04043385810916507 0.9991459021519029
10.300021171 -1.5589075624256687 0.763679458457972 1.4888793319348856 -0.006742032567269327 -0.005272802958301818 -0.040637938896870694 0.9991372780894723
10.350021361 -1.5643646676289564 0.7594318704931404 1.4367358185048418 -0.006549317898621612 -0.0055668852783407686 -0.040841662769595805 0.9991286577841592
10.400021553 -1.5696819505615327 0.7550504838055806 1.3878702682372166 -0.006348288478171014 -0.005841308811064984 -0.04104502979060172 0.9991200547853397
10.450021744 -1.5748561389663103 0.750533067345967 1.342684691404229 -0.006139419059765906 -0.006095329584226443 -0.041248042615943385 0.9991114820034958
10.500021934 -1.579884013153157 0.7458774482920469 1.301558661996687 -0.005923203628956741 -0.0063282544293160195 -0.041450706509034124 0.9991029515443088
10.550022124 -1.5847624178070383 0.7410815255370201 1.2648470431491596 -0.005700154304946843 -0.006539442664439436 -0.04165302915930901 0.999094474558033
10.600022316 -1.8641563465477853 0.6979511111174471 1.228604748080275 -0.0044433887162448026 -0.009950609832982474 -0.027630899493018782 0.9995587901938909
10.650022505999999 -1.876796797377766 0.6908032031764243 1.2017985685278345 -0.004201547881081491 -0.010130754296714114 -0.027763217501023743 0.9995543599858756
10.700022696 -1.9894495951255409 0.5885192991174418 1.238737027753351 -0.0029563401159388336 -0.010893311310546588 -0.022593024650233353 0.9996810246568474
10.750022888 -2.0040888771275576 0.5783553401600264 1.2235143529420534 -0.002699720849781412 -0.011028097528833982 -0.022699209100134034 0.9996778673545075
10.800023079 -2.018755927641354 0.567951310747952 1.2140443904816516 -0.0024395326817792627 -0.011138708293041647 -0.02280506390180388 0.9996749006143406
10.850023269 -2.0334506675267656 0.5573047803594475 1.2104938466988997 -0.0021763763265139277 -0.011224858163782145 -0.02291060982212427 0.9996721312024593
10.900023459 -1.971790325822505 0.619266796472046 1.1148769100142522 -0.002571918286382172 -0.011326846766623318 -0.023233147014856997 0.9996625974089656
10.950023651 -1.985843960126503 0.6099259619650147 1.1224012904467442 -0.002308312181448674 -0.011363901198557425 -0.02333920520740335 0.9996603497912224
11.000023841 -1.940797777211091 0.6898479996758031 1.034280787487308 -0.002835208196725869 -0.011619834388183791 -0.021770724472505408 0.9996914406951851
11.050024032 -1.9547664579708204 0.6822128590331921 1.0530974617793927 -0.0025746398140919905 -0.011608012482856877 -0.021868607039976597 0.9996901466465282
11.100024223 -1.9479747461045498 0.7209725012403623 1.0354805712265727 -0.002852640705789391 -0.01171315745052878 -0.023748174937588823 0.9996452813726858
11.150024414 -1.9620539202792955 0.7143781707963016 1.0661496880186565 -0.002595728292746755 -0.01165281596940656 -0.023854062199661106 0.9996441655865291
11.200024604 -1.9766957618999141 0.7175478407911499 1.141783818172482 -0.0025035582524921504 -0.011208671324255121 -0.02573622051020516 0.9996027935320465
11.250024795 -1.9902089399157163 0.7110633445214557 1.1848028840239107 -0.0022505258408351855 -0.011097439139688588 -0.02585018795533197 0.9996016955571128
11.300024986 -1.9927194142138447 0.710885529330191 1.2664639511011495 -0.0021076238186711295 -0.010521038475595015 -0.026787990009937653 0.9995835479150612
11.350025176 -2.0053515661776404 0.7043691645020064 1.321088758735296 -0.0018607093525463418 -0.010359291985732134 -0.026905754914240555 0.9995825644651644
11.400025367 -2.0347737967705712 0.7012808128776649 1.47056369271023 -0.0018071527349961137 -0.009507652080641056 -0.02945548169602987 0.9995192411099253
11.450025558 -2.0463154659787532 0.6948763977426258 1.536463920033098 -0.0015687086990653135 -0.009295914085105654 -0.029584374611134123 0.9995178287120285
11.500025749 -1.7579112196697915 0.8304285061777612 1.4633570437899635 -0.0008819383145702032 -0.00928557034267637 0.017730082929956936 0.99979930212394
11.550025939 -1.7675289875558895 0.8232237242834455 1.5374442407540552 -0.0006680533986586943 -0.009022042362331782 0.017812278176348045 0.9998004196850676
11.60002613 -1.7771013605257253 0.8158895667060692 1.6155707664236028 -0.0004611378049068958 -0.008737399980706197 0.01789438596418083 0.9998015983906342
11.650026321 -1.7866270972423606 0.8084272244367287 1.697355852836081 -0.00026170316755034595 -0.008432339072463957 0.017976391360705987 0.9998028188212245
11.700026512 -1.7961049475063187 0.8008379639930977 1.7823964475915728 -7.024240890757739e-05 -0.008107605859347552 0.018058281420770664 0.9998040609366226
11.750026702 -1.8055336569831597 0.7931231177355689 1.8702696957699982 0.000112771715733947 -0.007763995866564515 0.018140045303947434 0.9998053042503302
11.800026894 -1.8149119677621617 0.7852840782351816 1.9605355063679824 0.0002868875528701427 -0.007402351499382219 0.01822167431611875 0.9998065280207611
11.850027084 -1.8242386234175088 0.7773222885049201 2.052739317123864 0.000451675822446432 -0.007023561703933005 0.0183031619705098 0.9998077114284646
11.900027274 -1.8335123719804824 0.769239233481511 2.146414916430422 0.0006067307446678717 -0.006628556688005891 0.018384504008189265 0.9998088337909455
11.950027465 -1.842731967743029 0.7610364327695223 2.2410873045782522 0.0007516709386767729 -0.0062183082301336895 0.01846569837739929 0.9998098747346869
12.000027657 -1.8518961754661798 0.7527154292655837 2.336275608486825 0.0008861404746449772 -0.0057938257876022714 0.018546745228727318 0.9998108143940146
12.050027847 -1.8610037703058553 0.7442777825284254 2.4314960161133787 0.0010098097915575072 -0.005356155221145854 0.01862764683930632 0.9998116335883787
12.100028037 -1.7712471784414414 0.7406626207119197 2.462433463404278 0.0007260708159002644 -0.005586610233918286 0.02468834191075697 0.9996793227735393
12.150028229 -1.7812277951068165 0.7326010980386308 2.556201701970787 0.0008224625734423238 -0.005128756175687179 0.02479404645367048 0.9996790858449822
12.200028419 -1.7911690698120482 0.7244406014743086 2.6485649611045448 0.0009071723276299977 -0.004661107028686635 0.02489961130121319 0.9996786786146254
12.250028609 -1.8010693721439446 0.7161823840071816 2.7390575283571237 0.0009799901804394523 -0.004184825588391781 0.025005046505680667 0.9996780854371521
12.3000288 -1.8109271025034488 0.7078276739799284 2.827225494507206 0.001040736249537027 -0.0037010960414222594 0.02511036370048345 0.9996772921253042
12.350028992 -1.8207406997694011 0.6993776670089892 2.9126295678809977 0.0010892609762781105 -0.0032111211032419405 0.02521557594710505 0.9996762860753683
12.400029182 -1.8313856039370764 0.6902511561628725 2.9953646488457237 0.0011226672496982663 -0.0027279643946891553 0.02501015286378847 0.9996828447473918
12.450029372 -1.841129542407571 0.6816243088772176 3.073991797957446 0.0011465679747322578 -0.002229241616049385 0.025113919977234233 0.9996814527073481
12.500029564 -1.8508252975451227 0.6729056015724867 3.148651341352914 0.0011579856871308154 -0.0017279601491145583 0.025217627867101702 0.9996798209765105
12.550029755 -1.860471504288587 0.6640960392866387 3.2189883768851684 0.0011568952054246604 -0.001225366852496854 0.025321293291541532 0.9996779442278418
12.600029944 -1.8700668604365522 0.655196565669345 3.2846749327686977 0.0011433029252495433 -0.0007227116492836941 0.025424933395000376 0.999675819107451
12.650030135 -1.8796101304150532 0.6462080581044696 3.3454119935599564 0.0011172467803052504 -0.00022124538920017804 0.025528565477967714 0.9996734442580472
12.700030327 -1.8891001467236284 0.6371313250323396 3.4009313315980902 0.0010787961108482888 0.0002777849369655808 0.02563220674800567 0.9996708203262251
12.750030517999999 -1.8985358156356722 0.6279670991858293 3.4509971730301747 0.0010280515387616426 0.0007731376078414478 0.025735874119645265 0.9996679499471667
12.800030707 -1.907916116834082 0.6187160366280422 3.4954076416974655 0.000965144632558821 0.0012635809021595875 0.025839583959688734 0.9996648377130868
12.850030899 -1.9172401072865595 0.6093787117258723 3.533996012393145 0.0008902377169390543 0.001747894831965745 0.0259433518868744 0.9996614901222002
12.90003109 -1.9265069227287601 0.5999556143652918 3.5666317350612515 0.0008035233326358088 0.0022248746403362254 0.02604719256100702 0.9996579155104903
12.95003128 -1.9357157768244737 0.5904471495453802 3.593221235646274 0.0007052237458876411 0.0026933345806808557 0.02615111946268256 0.9996541239644606
13.00003147 -1.9448659644852784 0.5808536327703891 3.613708495808122 0.0005955905174673121 0.0031521098105261763 0.026255144735045317 0.9996501272198287
13.050031662 -1.95395685910772 0.5711752916070916 3.6280753956888008 0.00047490373283371135 0.003600060116632355 0.026359278979714032 0.9996459385428776
13.100031853 -1.9629879139723025 0.5614122630116699 3.6363418297764225 0.0003434713914174731 0.004036071628823506 0.026463531120394148 0.9996415726018254
13.150032042 -1.9719586612109015 0.5515645930685094 3.6385655873587615 0.00020162847281394495 0.004459061302742111 0.026567908266297444 0.9996370453162542
13.200032234 -1.9808687086452408 0.5416322392576317 3.634841983329333 4.9736264998715266e-05 0.0048679787008838165 0.026672415569637883 0.9996323737041294
13.250032425 -1.9897177405206061 0.5316150683217071 3.625303278189057 -0.00011181862688829665 0.0052618083520869705 0.026777056161908102 0.9996275757164579
13.300032615 -1.9985055124980198 0.5215128606013234 3.610117862286045 -0.0002826251756087526 0.005639571985975798 0.026881831044452822 0.999622670066322
13.350032805 -2.0072318505901174 0.511325309955092 3.58948921957694 -0.00046224914303613364 0.006000332465957119 0.02698673905949605 0.9996176760396759
13.400032997 -2.0158966479358447 0.5010520261309992 3.5636546677036827 -0.0006502340637427023 0.006343195263830288 0.02709177685857445 0.999612613313854
13.450033188 -2.0244998595321517 0.49069253980757505 3.5328838962590026 -0.0008461023664070644 0.006667309990425055 0.02719693887932605 0.9996075017745072
13.500033378 -2.0330415006684115 0.4802463029337485 3.4974773069296643 -0.0010493566627051447 0.006971873844431151 0.027302217394461193 0.9996023613172578
13.550033569 -2.0415216401037375 0.4697126958015028 3.4577641616059114 -0.0012594809639414645 0.007256132733542973 0.02740760252325016 0.9995972116654701
13.60003376 -2.0499403970236445 0.4590910293916627 3.414100545652465 -0.0014759419758291527 0.007519383684042079 0.027513082320781503 0.9995920721802
13.65003395 -2.0582979364304443 0.4483805502254563 3.3668671743594567 -0.0016981904280933134 0.007760976138541723 0.027618642868565274 0.9995869616820467
13.700034141 -2.0665944618637435 0.43758044782717165 3.3164670543781636 -0.0019256624604101148 0.007980313771141233 0.027724268363912646 0.9995818982754182
13.750034332 -2.074830212884293 0.4266898572545387 3.2633229859690327 -0.002157781137274827 0.008176856146003554 0.02782994128755595 0.9995768991788788
13.800034523 -2.083005456664574 0.41570786837956664 3.2078749661416306 -0.0023939577414309947 0.008350119814456889 0.027935642523704892 0.9995719805707862
13.850034713 -2.0911204842019355 0.40463353023302684 3.15057747213447 -0.0026335933864475585 0.00849967972961191 0.028041351554835257 0.999567157440333
13.900034904 -2.099175604312761 0.39346585772340875 3.0918966542080524 -0.002876080474186586 0.008625170224798865 0.028147046649513535 0.9995624434544396
13.950035095 -2.107171136225056 0.3822038409199622 3.0323074773505816 -0.003120804149640491 0.008726285872671116 0.028252705046221998 0.9995578508390094
14.000035285 -2.115107405972319 0.3708464489977716 2.972290769397705 -0.0033671440252776618 0.008802782338743115 0.028358303201790152 0.9995533902717381
14.050035476 -2.1229847386416463 0.35939264100491847 2.912330280635401 -0.003614475614123111 0.0088544768956841 0.02846381698693571 0.9995490707951625
14.100035667 -2.130803453964503 0.3478413712114852 2.852909683336987 -0.0038621718868010815 0.008881249052045556 0.02856922194426119 0.9995448997424239
14.150035858 -2.1385638598156422 0.3361915969492012 2.7945095977937413 -0.004109604951981541 0.008883040610671014 0.028674493530327968 0.9995408826843588
14.200036048 -2.1462662461509368 0.3244422885844468 2.7376046286665483 -0.004356147482632585 0.008859856020651579 0.028779607341464418 0.9995370233921675
14.25003624 -2.1539108814745207 0.31259243402971065 2.6826604425286895 -0.004601174414659055 0.008811762241251056 0.028884539392934953 0.9995333238188049
14.30003643 -2.161498005658955 0.30064104951045334 2.630130882888996 -0.004844064497392951 0.008738888607467693 0.028989266333661893 0.9995297840997474
14.350036620000001 -2.1690278265338008 0.28858718539174566 2.5804551894003738 -0.0050842017762014755 0.00864142655570192 0.029093765710668355 0.9995264025708145
14.400036811 -2.1765005144024143 0.27642993310421937 2.534055288887462 -0.005320977342373876 0.008519629073892077 0.029198016207192694 0.9995231758044083
14.450037003 -2.1839161970413805 0.2641684357532392 2.491333184569139 -0.0055537905975574335 0.008373810138835792 0.02930199784792801 0.9995200986652933
14.500037193 -2.1912749583348723 0.2518018908361795 2.4526684400878196 -0.0057820509537322585 0.008204343819179748 0.029405692249147478 0.9995171643811894
14.550037383 -2.1985768313029257 0.23932956100562097 2.4184159117627364 -0.00600517924189885 0.008011663437587564 0.029509082791191077 0.9995143646311736
14.600037575 -2.2058217967142877 0.22675077803448312 2.3889035368609273 -0.006222609217705126 0.007796260411657499 0.029612154836412757 0.9995116896485313
14.650037766 -2.2130097801670137 0.21406494890050384 2.3644302974734113 -0.006433788930121882 0.00755868306888964 0.029714895889536744 0.9995091283387766
14.700037954999999 -2.2201406489104807 0.20127156390698248 2.3452643748743753 -0.006638182176233984 0.007299535149639409 0.029817295739806102 0.9995066684113515
14.750038146 -2.2272142110500575 0.18837019825779955 2.331641497229031 -0.006835269769058169 0.007019474873371636 0.029919346620012242 0.9995042965177878
14.800038338 -2.234230212066821 0.17536052077172928 2.3237635225687097 -0.0070245509283014896 0.006719212382481982 0.03002104328939187 0.9995019984117248
14.850038528 -2.241188334974262 0.16224229470193494 2.3217971250332377 -0.0072055445299649854 0.006399508540096371 0.030122383152615003 0.9994997591053632
14.900038718 -2.248088199484299 0.14901538248633608 2.325872841665144 -0.007377790284796063 0.006061172835508856 0.03022336630573395 0.9994975630403113
14.95003891 -2.2549293609484464 0.13567975043040928 2.3360842253429572 -0.007540849899269995 0.00570506103737534 0.030323995576273258 0.9994953942633487
15.000039101 -2.2617113118562138 0.12223546762533848 2.3524872917790987 -0.007694308225140595 0.005332074429231335 0.03042427653871069 0.9994932365955829
15.05003929 -2.268433480720828 0.10868271156975744 2.3751001489353434 -0.007837774276932111 0.004943155751879976 0.030524217505706372 0.9994910738227036
15.100039481 -2.275095234795826 0.09502176648595191 2.4039028769627295 -0.007970882259352817 0.004539287971082276 0.030623829495383722 0.9994888898670964
15.150039673 -2.281695880893514 0.08125302392248628 2.438837689554015 -0.00809329240134507 0.004121491239725232 0.030723126171880506 0.9994866689687731
15.200039864 -2.288234666233532 0.06737698472172227 2.4798092558227114 -0.0082046919658322 0.0036908206918149166 0.030822123743410843 0.9994843958563399
15.250040053 -2.2947107824495565 0.05339425489155914 2.526685324551099 -0.008304795862469181 0.003248363414419401 0.03092084087190761 0.999482055917256
15.300040244 -2.301123366260402 0.03930554755751906 2.5792975149782107 -0.008393347582361911 0.002795236661473939 0.031019298520872117 0.9994796353541382
15.350040436 -2.307471503891951 0.025111677614556523 2.6374423316830646 -0.008470119651524983 0.002332583867548706 0.03111751981483208 0.9994771213420361
15.400040626 -2.3137542339735893 0.01081355888427044 2.700882466511323 -0.008534914302309307 0.0018615726121703805 0.031215529862395175 0.9994745021663494
15.450040816 -2.3199705499579757 -0.003587796039444867 2.7693482277489334 -0.008587563946174973 0.0013833910608327595 0.03131335554639511 0.9994717673546705
15.500041008 -2.326119405686352 -0.01809128396757302 2.8425392463353054 -0.008627931702165232 0.0008992457943354164 0.03141102534119768 0.9994689077898116
15.550041199 -2.3321997175359144 -0.03269571313300692 2.920126272949362 -0.00865591151839407 0.00041035768232049646 0.031508569049465605 0.9994659158164493
15.600041388 -2.3382103699036363 -0.04739981015196223 3.0017532362644435 -0.008671428705408503 -8.204011811535522e-05 0.031606017591152384 0.9994627853230222
15.650041579 -2.3441502195247064 -0.06220222575803451 3.0870394606775147 -0.008674439976909943 -0.0005767053056180872 0.0317034027501431 0.9994595118143306
15.700041771 -2.3500180988006614 -0.07710153905636379 3.1755819732395563 -0.008664933582152312 -0.001072390606143821 0.031800756899490856 0.9994560924648089
15.750041961 -2.3558128221388612 -0.09209626889703404 3.2669579984215034 -0.008642929333782946 -0.0015678460628197005 0.031898112757590774 0.9994525261530726
15.800042151 -2.361533188912558 -0.1071848757663554 3.3607275452457417 -0.008608478584314176 -0.0020618220277313117 0.0319955031027649 0.9994488134805054
15.850042343 -2.3671779895517835 -0.12236577209873241 3.4564361989450103 -0.008561664114792903 -0.002553072524063808 0.032092960517044244 0.9994449567702685
15.900042534 -2.372746009980937 -0.13763733111847526 3.5536178606467654 -0.008502599792833422 -0.0030403588760403544 0.03219051711974485 0.9994409600482819
15.950042724 -2.3782360352619913 -0.15299789181264503 3.651797595510506 -0.008431430493210329 -0.0035224519989145607 0.03228820428837902 0.999436829007009
16.000041962 -2.383646856103188 -0.16844577091155682 3.750494628670595 -0.008348331573658541 -0.0039981354190041 0.032386052424426964 0.9994325709528732
16.050041198 -2.388977271687416 -0.18397926733196954 3.849225265745466 -0.008253508463661187 -0.004466209755774092 0.03248409068922067 0.9994281947296426
16.100040436 -2.394226095404088 -0.19959667370584291 3.947505890320683 -0.008147196214747705 -0.004925493576747001 0.03258234678037803 0.9994237106378591
16.150039672 -2.3993921585946163 -0.21529628344702975 4.044855931338796 -0.008029658850632783 -0.005374828334186967 0.032680846705321905 0.9994191303240817
16.200038909 -2.404474315070492 -0.23107640053795056 4.140800846667296 -0.007901188645619513 -0.005813079899621488 0.03277961457386148 0.9994144666695874
16.250038147 -2.4094714449103365 -0.24693534658635355 4.234875032710753 -0.007762105425681434 -0.006239142257684087 0.03287867240865379 0.9994097336547677
16.300037383 -2.414382457873695 -0.2628714687467836 4.326624700490141 -0.007612755870819116 -0.006651939746599369 0.03297803998042384 0.9994049462178526
16.350036621 -2.4192062976967144 -0.27888314990072677 4.415610682000778 -0.007453512474870379 -0.007050429701868263 0.03307773465541222 0.999400120103491
16.400035857 -2.42394194536476 -0.2949688142271188 4.501411123844699 -0.007284772637627623 -0.007433605643803245 0.033177771270104496 0.9993952716959887
16.450035095 -2.4285884221566905 -0.3111269362097527 4.583624101529722 -0.007106957783016047 -0.0078004991709201615 0.03327816203505809 0.9993904178524644
16.500034331 -2.4331447919030866 -0.3273560465398678 4.661870088031316 -0.006920512122333225 -0.008150182886977435 0.033378916443077104 0.9993855757253853
16.550033569 -2.437610163602016 -0.34365473848431255 4.735794293631126 -0.006725901639529364 -0.008481773002144373 0.03348004122754022 0.9993807625791473
16.600032806 -2.6022872473902665 -0.23768760955904805 4.833876016708181 -0.007224706894316675 -0.009489328152107396 0.02914322902933815 0.9995040912688934
16.650032042 -2.609475647388207 -0.25154530831160277 4.8985787669313625 -0.007020525515297508 -0.009787358389573585 0.02923188817428709 0.9995000833171599
16.700031281 -2.5533005847438632 -0.28578455887674203 4.949261213156235 -0.006694769487133719 -0.009786360767056548 0.030711819645399603 0.9994579487594863
16.750030517 -2.559212651049438 -0.3001433846950622 5.003200097205417 -0.006476705201445016 -0.010040851276359588 0.03080533371164833 0.999453983438104
16.800029755 -2.56504582818304 -0.3145455591369516 5.051486568099958 -0.00625302212999329 -0.010273562976741455 0.030899200491645244 0.9994501453434195
16.850028991 -2.570799477265766 -0.3289902439591043 5.0939540037922715 -0.006024288341188957 -0.010483910501311212 0.030993409760553356 0.9994464488515616
16.900028229 -2.696045618158277 -0.27285654280004495 5.154321812467867 -0.006168622169891896 -0.011161765424580482 0.028427119011234573 0.9995145131501858
16.950027466 -2.7037280481757024 -0.2859933420945275 5.1851404826020016 -0.005934017943300287 -0.011329309565116871 0.028514161778134622 0.9995115690945838
17.000026702 -2.6892089439533167 -0.24370544486324142 5.210278426131953 -0.005971880407136647 -0.011368130326027634 0.02850988724726328 0.9995110247448208
17.05002594 -2.6963557698773 -0.25582572616547056 5.2289002460853995 -0.005732870795870425 -0.011487158657436266 0.02859720571510536 0.9995085688495647
17.100025176 -2.7671395790060767 -0.21010585059433823 5.256665702137339 -0.005783897820569871 -0.01183514479103784 0.026941077076961827 0.9995502259715164
17.150024414 -2.775225760198789 -0.22116511397430122 5.263385828977762 -0.005542974296580171 -0.011906955598510193 0.027023755788639008 0.9995485063104236
17.20002365 -2.8360857538051127 -0.174968944308604 5.278198307378077 -0.00558005355095895 -0.012156249031304026 0.02598241316236941 0.9995729102062126
17.250022888 -2.844937603299409 -0.18497673416524057 5.273384068463411 -0.005339520054825956 -0.012179691547679882 0.02606217825853279 0.9995718621008737
17.300022125 -2.8990521020241995 -0.2601605093511263 5.252908838973032 -0.00478942862957467 -0.0123917568974509 0.026117666498893737 0.999570594420949
17.350021361 -2.9085694863195934 -0.27135548317433594 5.236791048495751 -0.004548313346115973 -0.012366611348132113 0.02619769785167824 0.9995699377215893
17.400020599 -2.9865996346780115 -0.325571538681875 5.218972034331266 -0.004110967508752633 -0.012588304751238517 0.02576067958275652 0.9995804229360771
17.450019835 -2.997183170170758 -0.3375497052804693 5.192736019239348 -0.003872330570948192 -0.012515239995492096 0.025839452063677843 0.9995802601796685
17.500019073 -3.1126778644430293 -0.4154332146031482 5.1636523394794445 -0.003339574925378239 -0.012843142593355462 0.024717665828262018 0.9996063914979971
17.55001831 -3.1249408373996466 -0.4286071465305541 5.128441867262232 -0.003105070529646624 -0.012724068596890802 0.024793169021793113 0.9996068003896355
17.600017548 -3.1799329477555265 -0.4605378141128789 5.0907753257017605 -0.002791568152491593 -0.012749642988692229 0.024087347376359716 0.9996246562821876
17.650016784 -3.1928821547781907 -0.4740836105397244 5.048053063987329 -0.0025648623239937205 -0.012584175028027087 0.024160610341990005 0.9996255923734774
17.700016021 -3.2058381125568993 -0.4876540011702574 5.002170737341751 -0.0023432661118249457 -0.012395543617489999 0.024233817691591705 0.999626721172682
17.750015259 -3.2188037912841003 -0.5012487368772336 4.95355115401971 -0.0021273450810523854 -0.012184246472772175 0.024306946962969093 0.999628026252834
17.800014495 -3.2317822914248535 -0.514867576050937 4.902634311322797 -0.0019176506155724547 -0.01195083807828222 0.024379977253210956 0.9996294897583187
17.850013733 -3.2447768282245018 -0.5285102832966709 4.849874676802039 -0.0017147183401466954 -0.011695928501992582 0.024452889400891274 0.9996310925523666
17.900012969 -3.2577907135180997 -0.5421766253467307 4.795738392154607 -0.0015190671204653049 -0.011420180792754307 0.024525666126940484 0.9996328143907514
17.950012207 -3.2708273392845473 -0.5558663698203831 4.740700395330588 -0.0013311974562301037 -0.011124311015183953 0.02459829217994434 0.9996346340736699
18.000011443 -3.28389015781622 -0.5695792812873878 4.685241491154519 -0.0011515902776207633 -0.010809085220583601 0.024670754437597902 0.9996365296406521
18.05001068 -3.2969826631457844 -0.583315118785515 4.629845395669127 -0.000980705804767891 -0.010475318547523302 0.024743041994063183 0.9996384785462855
18.100009918 -3.3101083728218867 -0.5970736348080895 4.574995736934512 -0.0008189823871644511 -0.010123871409343989 0.02481514623040371 0.9996404578712791
18.150009154 -3.3232708077714017 -0.610854571603515 4.521173093952789 -0.0006668353759711462 -0.009755649872378157 0.024887060849344445 0.9996424444912441
18.200008392 -3.336473472775357 -0.6246576603653796 4.468851999587591 -0.0005246560965537658 -0.009371600591975247 0.02495878189521137 0.9996444153020776
18.250007628 -3.349719837074077 -0.6384826177843879 4.4184980725602765 -0.00039281081902225166 -0.008972710695393042 0.025030307741148762 0.9996463473933274
18.300006866 -3.36301331434267 -0.6523291441456674 4.370565118238963 -0.0002716398574984381 -0.008560004258855902 0.02510163905327279 0.9996482182526589
18.350006103 -3.3763572438146343 -0.6661969229270097 4.325492292495172 -0.00016145670319119994 -0.008134539991330143 0.025172778741433283 0.9996500059527322
18.40000534 -3.389754871516604 -0.6800856177859722 4.28370143831765 -6.254731733875937e-05 -0.007697408627315471 0.025243731871915802 0.9996516893345584
18.450004578 -3.4032093321103476 -0.69399487247707 4.245594458035044 2.483081671718081e-05 -0.0072497299796040636 0.025314505572817773 0.999653248184718
18.500003814 -3.4167236298574895 -0.707924308077679 4.211550857979239 0.00010044900765544843 -0.006792650093148679 0.025385108902479542 0.9996546634016761
18.550003052 -3.4303006220344 -0.721873521899104 4.181925411674865 0.0001641082667831444 -0.00632733921754083 0.025455552707311323 0.9996559171451288
18.600002288 -3.443943003703711 -0.7358420878598604 4.157045952348014 0.0002156395622293348 -0.005854987371433449 0.025525849467302016 0.9996569929888113
18.650001526 -3.4576532908660087 -0.749829554242583 4.13721135163712 0.0002549043967148639 -0.005376802490967739 0.025596013111783333 0.99965787604135
18.700000762 -3.471433807845444 -0.7638354444501777 4.122689696131669 0.0002817951295548756 -0.0048940073655334496 0.025666058834668836 0.999658553060647
18.75 -3.485286672425294 -0.7778592551052468 4.113716619343527 0.00029623519763422913 -0.004407836295402157 0.02573600288280652 0.9996590125535391
18.799999237 -3.630181018136171 -0.8499465531346493 4.074349451221813 0.0005718528204612758 -0.004505459003616946 0.023196018726141732 0.9997206202428632
18.849998473 -3.6463367840881347 -0.865053113007072 4.076170604921004 0.0005649782732008101 -0.0040197861465214 0.023258892143106377 0.999721234172388
18.899997711 -3.662603301118536 -0.8801931402865565 4.084029983169635 0.0005456092386604738 -0.0035343833903444307 0.02332170955234652 0.9997216154050911
18.949996947 -3.6789820885974374 -0.8953661941911748 4.098022874128577 0.0005137898984076029 -0.003050499309498442 0.023384488831094175 0.9997217593690813
18.999996185 -3.5958048478225693 -0.8090903280244629 4.1745095181228455 1.170499295482093e-05 -0.002125271585021956 0.026178760576384855 0.9996550182829912
19.049995421 -3.610768444535479 -0.8225359131335206 4.201739539231259 -4.901805648440409e-05 -0.001645525168901693 0.02624864876119917 0.9996540893140788
19.099994659 -3.625820961535235 -0.8359847346943883 4.235167403588928 -0.00012185738263638956 -0.0011710441911948674 0.026318558237929637 0.9996529134147301
19.149993896 -3.6409626001319384 -0.849436029990273 4.274737116571165 -0.00020664166197503588 -0.0007030440543274563 0.026388505885049263 0.9996514941645595
19.199993133 -3.65619329046186 -0.8628890263770918 4.320355106302677 -0.0003031695885235025 -0.00024272318464312704 0.02645850764242589 0.999649836966421
19.249992371 -3.6715126917577834 -0.8763429409493264 4.371890790704433 -0.00041121021695772453 0.00020873817011417213 0.026528578303593 0.999647948963896
19.299991607 -3.686920197287073 -0.8897969829137977 4.4291774764136775 -0.0005305036980086374 0.0006501824766722264 0.026598731334816456 0.9996458389449494
19.349990845 -3.7024149379103637 -0.9032503533707323 4.49201326922204 -0.0006607619603246126 0.0010804771102766444 0.026668978696371307 0.9996435172290865
19.399990081 -3.7179957889868716 -0.9167022462668589 4.560162379249232 -0.0008016692717824898 0.0014985178501029023 0.02673933068558955 0.9996409955404582
19.449989319 -3.73366138027205 -0.9301518509000357 4.633356581433605 -0.0009528831586311813 0.001903230654520651 0.026809795806824903 0.9996382868695847
19.499988556 -3.7494101045174615 -0.9435983515531735 4.71129686372152 -0.0011140352629896279 0.0022935748524321458 0.02688038064798743 0.9996354053233851
19.549987792 -3.765240130713661 -0.9570409299731653 4.793655276741199 -0.001284732222854512 0.0026685456658928916 0.026951089789630008 0.9996323659657563
19.59998703 -3.781149415740137 -0.9704787650745992 4.880076943651377 -0.001464556666582624 0.003027177398657542 0.027021925724867613 0.9996291846484311
19.649986266 -3.7971357191478434 -0.9839110340674229 4.970182215855328 -0.0016530682994013652 0.0033685449147123217 0.027092888809139626 0.9996258778394699
19.699985504 -3.813196620215344 -0.9973369146811836 5.063569066358199 -0.0018498050013013552 0.003691766648512975 0.027163977237580673 0.9996224624432498
19.74998474 -3.8293295341850757 -1.0107555848797751 5.159815547829807 -0.0020542839839929657 0.003996005541504198 0.027235187039005734 0.99961895562458
19.799983978 -3.8455317321012377 -1.0241662251817187 5.258482390997674 -0.0022660030451939657 0.004280472668643261 0.02730651209906885 0.9996153746221171
19.849983215 -3.861800358239876 -1.0375680181783407 5.359115719011814 -0.0024844417504058906 0.004544428676460561 0.0273779441998967 0.999611736570045
19.899982451 -3.8781324511870277 -1.0509601495443572 5.461249822151057 -0.0027090627504338977 0.00478718542844697 0.027449473087827008 0.9996080583218048
19.949981689 -3.894524966386192 -1.0643418102065563 5.564410041919889 -0.0029393132156205004 0.005008107868472454 0.02752108657183341 0.9996043562766741
19.999980926 -3.910974795858033 -1.0777121955614823 5.668115727138835 -0.003174626171480881 0.005206615684877966 0.02759277062795634 0.9996006462137038
20.049980164 -3.9274787922407395 -1.0910705077736353 5.77188317038944 -0.0034144219186630718 0.005382184619268767 0.02766450954131956 0.9995969431343434
20.0999794 -3.9440337910198937 -1.1044159550982464 5.875228586908531 -0.003658109495773236 0.005534347805363277 0.02773628605200582 0.9995932611144033
20.149978638 -3.9606366327778133 -1.1177477524600323 5.977671100561651 -0.003905088197852804 0.005662696982851474 0.027808081526096543 0.9995896131667663
20.199977873999998 -3.9772841883035586 -1.1310651234228282 6.078735716846955 -0.0041547489904791195 0.005766883548610942 0.027879876150094195 0.9995860111170116
20.249977111 -3.993973379822631 -1.1443672993417133 6.177956243140893 -0.004406476156446075 0.0058466193722328695 0.027951649125851158 0.99958246549294
20.299976349 -4.010701206256053 -1.1576535211469583 6.274878170429215 -0.004659648750979494 0.005901677516371395 0.028023378892064448 0.9995789854291067
20.349975585 -4.027464763757482 -1.1709230383300502 6.369061465420644 -0.004913642177838696 0.005931892796035119 0.028095043341463094 0.9995755785872553
20.399974823 -4.044261267764966 -1.1841751093461341 6.460083286665854 -0.005167829836800996 0.005937162227550359 0.028166620054139935 0.9995722510925298
20.449974059 -4.0610880767915125 -1.1974090031914004 6.547540596564677 -0.00542158457903666 0.005917445286051812 0.028238086541485463 0.9995690074879346
20.499973297 -4.077942711337609 -1.2106239981993858 6.631052638548489 -0.005674280331339478 0.005872763966682243 0.028309420481167153 0.9995658507062622
20.549972533000002 -4.094822876011558 -1.2238193834967297 6.710263295100648 -0.005925293655780578 0.0058032027465022935 0.02838059996700733 0.9995627820594805
20.59997177 -4.1117264761611665 -1.2369944576590877 6.784843272704605 -0.006174005341207505 0.005708908369993942 0.028451603739628673 0.9995598012464854
20.649971008 -4.128651636132012 -1.2501485287070497 6.854492133546193 -0.006419801944301646 0.0055900895872333925 0.02852241142548156 0.9995569063779604
20.699970244 -4.145596717362286 -1.2632809153044882 6.918940153972378 -0.006662077327457095 0.005447016339034497 0.02859300377337277 0.9995540940208795
20.749969482 -4.162560332128994 -1.2763909452571074 6.977949983678256 -0.006900234137061236 0.005280019476704051 0.028663362864339983 0.9995513592569854
20.799968718 -4.179541358981074 -1.2894779565821042 7.031318112462247 -0.007133685343230532 0.0050894895798923485 0.02873347233317447 0.9995486957607013
20.849967957 -4.196538953089996 -1.302541295835554 7.0788761166872955 -0.007361855754186881 0.004875876154381725 0.0288033175520145 0.9995460958903196
20.899967193 -4.171344074416821 -1.2341514220968106 7.114651843217137 -0.007892636682340755 0.004757016073876013 0.030414644345054677 0.999494885676579
20.949966431 -4.1877810366259975 -1.2458539829942301 7.1501723254868725 -0.008110002501611039 0.004499230883217923 0.03048780215875429 0.99949211037427
20.999965668 -4.226142895755454 -0.9598625174050109 7.209402519002962 -0.009387820790167666 0.0041079754367319915 0.032720890767009556 0.9994119954583479
21.049964904 -4.243066697646975 -0.9668197244159698 7.233071898042843 -0.00959654797148238 0.0038070052721640595 0.03279905794147675 0.9994086425361954
21.099964142 -4.260007673894056 -0.9736984915848435 7.250645530468111 -0.00979727012445254 0.003486067878327562 0.0328769469084422 0.9994053067653963
21.149963378 -4.276966817119279 -0.9804977574538065 7.262179405770838 -0.009989514605189091 0.0031459392024637406 0.03295455567043208 0.9994019761462608
21.199962616 -4.267719902864976 -0.9772070507819781 7.261781714985323 -0.010184109738999294 0.002804435436578717 0.03287942828012607 0.9994035032191343
21.249961852 -4.28449365655942 -0.9837448578032523 7.261505269378112 -0.010358131212445113 0.0024283997035231385 0.032956122508320446 0.999400173094783
21.29996109 -4.588777391557115 -1.2723948204695312 7.2629731991830875 -0.00950835094464514 0.0010954307426540555 0.02938486681055734 0.9995223463716695
21.349960327 -4.609868405907161 -1.2832153922653922 7.251676342488233 -0.009657798938805454 0.000681902643112317 0.02945183139098993 0.9995193102467603
21.399959563 -4.631023519861502 -1.293990317519591 7.235168197763943 -0.009796802947804963 0.0002537023057509255 0.029518538588593768 0.9995161900473325
21.449958801 -4.652246251167873 -1.3047187179899422 7.213716961769936 -0.009925030310758762 -0.00018814017012748466 0.029585002831070857 0.9995129743950764
21.499958037 -4.717011642771528 -1.398168783477803 7.198115028262695 -0.009750792856425735 -0.0007708018349064271 0.02878162928800268 0.9995378660754831
21.549957275 -4.738990109254099 -1.410077166744892 7.167808909380021 -0.00985519947600371 -0.00123743560057019 0.028845465208266224 0.9995345331369705
21.599956511 -4.76105400042575 -1.4219486483232284 7.133541962252031 -0.009948005856109145 -0.0017144382716542225 0.02890911358513303 0.999531070568905
21.64995575 -4.783208198008007 -1.4337825381981697 7.095693808610529 -0.010028991045202927 -0.002200659535085409 0.02897259781605602 0.9995274708641154
21.699954987 -4.805457851354745 -1.44557813795121 7.054666467018147 -0.010097963782713094 -0.00269492664358511 0.02903594306296839 0.9995237278365497
21.749954223 -4.827808351186167 -1.457334739530387 7.0108818880861445 -0.010154763009869193 -0.0031960461429863026 0.029099176042229676 0.9995198367370849
21.799953461 -4.850265306096592 -1.4690516260179811 6.964779342663848 -0.010199258332588754 -0.003702807822197005 0.02916232480808722 0.9995157943501867
21.849952697 -4.872834513089135 -1.4807280703479222 6.916812714556028 -0.010231350249275531 -0.004213987557033669 0.029225418536336097 0.9995115990784309
21.899951935 -4.895521929052035 -1.492363335730367 6.867447709505197 -0.010250970491905556 -0.0047283495815186845 0.029288487258294336 0.9995072510133831
21.949951171 -4.918333643332151 -1.5039566767978616 6.817158973706003 -0.010258082198307573 -0.005244650807683005 0.02935156163270354 0.9995027519808237
21.999950409 -4.941275844770683 -1.5155073388972762 6.766427173839126 -0.010252679925570482 -0.005761643162845387 0.029414672671257875 0.9994981055780199
22.049949646 -4.964354792670165 -1.5270145585246095 6.71573603310106 -0.01023478975143431 -0.006278076032290283 0.029477851472128943 0.9994933171925984
22.099948882 -4.987576782447921 -1.5384775632078185 6.665569351622003 -0.010204469138714357 -0.00679270159245211 0.029541128994334077 0.9994883939858497
22.14994812 -5.0109481128959015 -1.5498955726151664 6.61640800592643 -0.010161806849322086 -0.007304275821496182 0.029604535729768584 0.9994833448839981
22.199947356 -5.034475056533007 -1.5612677987751633 6.568727023729004 -0.010106922677868564 -0.007811561805714207 0.029668101486217537 0.9994781805373956
22.249946594 -5.058163824228613 -1.5725934465866558 6.522992628129645 -0.010039967162730137 -0.008313334318137432 0.02973185511717755 0.9994729132513684
22.29994583 -5.082020535015321 -1.5838717160817999 6.47965934909862 -0.009961121228886202 -0.008808381745197068 0.029795824275765413 0.999467556917493
22.349945068 -5.106051181759791 -1.5951018019018361 6.439167240620756 -0.009870595675703801 -0.009295508907255211 0.029860035168029146 0.9994621269237398
22.399944304999998 -5.1302616005072466 -1.6062828934513538 6.401939197313502 -0.009768630663745073 -0.009773541056154727 0.029924512331780336 0.9994566400359168
22.449943541 -5.154657441708698 -1.6174141776722353 6.368378323970213 -0.009655495134136424 -0.010241325541136163 0.029989278426518214 0.9994511142844016
22.49994278 -5.179244137108209 -1.6284948406628335 6.338865377954528 -0.00953148614522007 -0.010697735500334211 0.030054354031460992 0.9994455688184225
22.549942016 -5.204026875174895 -1.63952406804003 6.3137565055713525 -0.009396928030635085 -0.01114167301556435 0.030119757485407586 0.999440023750811
22.599941254 -5.289158329023069 -1.7890786484744545 6.289930325235803 -0.008775785790461673 -0.011749640724126235 0.028204913041623123 0.9994945794785124
22.64994049 -5.315176293351798 -1.8021927607430515 6.274545862464172 -0.008619005163090955 -0.012166881987476548 0.02826644221374894 0.9994892135372341
22.699939728 -5.341414608451274 -1.815282933387856 6.26446474354768 -0.008452773203222989 -0.012568572788984989 0.028328348716076503 0.9994839099566553
22.749938964000002 -5.367877372881468 -1.828348774032774 6.259924380995396 -0.00827751278428801 -0.012953755114656683 0.02839064096767571 0.9994786913766498
22.799938201 -6.000322828578016 -2.2595750374670898 6.004275031437513 -0.006529058117408614 -0.015486718963606507 0.020672137602789395 0.9996450348312511
22.849937439 -6.036814200478653 -2.27978829880043 6.009048290522746 -0.006329677303553285 -0.015850529679143313 0.020718068717127537 0.9996396638403039
22.899936675 -6.073673382592341 -2.3000792221526627 6.019855065307695 -0.006122520354438602 -0.016195273859735113 0.020764442337454624 0.9996344660842444
22.949935913 -6.11090406052898 -2.3204482576493968 6.036790734524382 -0.005908087383348269 -0.016520168221790168 0.0208112558443975 0.9996294664402274
22.999935149 -6.3701864144768425 -2.0689477595217807 6.030984117693272 -0.006629469719407045 -0.01772635537947548 0.02620794131650349 0.9994773485518075
23.049934387 -6.412109846609951 -2.085146222249895 6.060129520860086 -0.006406879973289074 -0.018013454813076143 0.026267885621110272 0.9994720934171708
23.099933623 -6.454468416714754 -2.1013644913568186 6.09546266266486 -0.00617873650688811 -0.01827862829392692 0.026328228707343422 0.9994671276915539
23.14993286 -6.497263592208912 -2.1176021730493524 6.1369275812835635 -0.005945607714361261 -0.01852130453765604 0.026388955580254624 0.9994624725573811
23.199932098 -6.540496150949308 -2.133858795354364 6.184430787429381 -0.0057080744035511236 -0.018740968387605667 0.02645004872806157 0.9994581476544088
23.249931334 -6.584166177755575 -2.1501338080273267 6.237841784862303 -0.005466728423993908 -0.01893716216173945 0.026511488283258014 0.9994541709146073
23.299930573 -6.628273077218671 -2.1664265847309085 6.296993933180427 -0.005222171200342416 -0.01910948696930715 0.026573252203682375 0.9994505584084907
23.349929809 -6.672815580758854 -2.1827364237187448 6.361685466213793 -0.004975012109238665 -0.0192576037049769 0.026635316468460162 0.9994473242100756
23.399929047 -6.717791759937165 -2.1990625506721084 6.4316806947990655 -0.0047258671326117704 -0.01938123362706685 0.026697655284875433 0.9994444802815352
23.449928283 -6.763199051722329 -2.215404122280098 6.506711492748598 -0.004475357136102118 -0.01948015940991768 0.026760241329080857 0.9994420363642298
23.499927521 -6.80903427751295 -2.231760228561814 6.586478922888691 -0.004224106465753939 -0.019554225489158777 0.026823045975472713 0.9994399998972839
23.549926758 -6.855293676350651 -2.248129897818062 6.67065512006791 -0.003972741244219708 -0.01960333847023086 0.02688603955593401 0.9994383759516265
23.599925994 -6.9019729311171565 -2.2645120994617787 6.758885263406625 -0.0037218878834182753 -0.01962746739171651 0.026949191608848493 0.99943716718261
23.649925232 -6.94906720404225 -2.2809057482128257 6.850789794866897 -0.0034721715278862113 -0.019626643793249274 0.02701247114094555 0.999436373803332
23.699924468 -6.996571183026903 -2.29730971050354 6.945966800400913 -0.00322421445120302 -0.019600961668795647 0.0270758468971918 0.9994359935771929
23.749923706 -7.044479117070924 -2.3137228083118493 7.043994426565134 -0.0029786345111239517 -0.019550577103510654 0.02713928762018427 0.9994360218337329
23.799922942 -7.092784865449802 -2.330143826367305 7.144433472775079 -0.002736043649806045 -0.01947570810221394 0.027202762315162634 0.9994364514972869
23.84992218 -7.141481942045127 -2.3465715160572524 7.246830119638102 -0.0024970462464081284 -0.01937663385228182 0.02726624050261238 0.9994372731439687
23.899921417 -7.190563566667649 -2.3630046015136195 7.3507187256983455 -0.002262237764927381 -0.019253694142205 0.02732969246327543 0.9994384750708951
23.949920653 -7.240022724598981 -2.379441787101434 7.455624756895085 -0.0020322031249392666 -0.019107288444419585 0.027393089484798457 0.9994400433879156
23.999919891 -7.2898522120600155 -2.395881762529695 7.561067590643476 -0.0018075152453855723 -0.01893787498685528 0.027456404083053016 0.9994419621240885
24.049919127 -7.340044702106045 -2.4123232107424113 7.666563588350361 -0.0015887337382437256 -0.018745969465654707 0.027519610215506928 0.9994442133543464
24.099918365 -7.390592795588703 -2.4287648128218153 7.771629023656387 -0.0013764033907468943 -0.018532144032288953 0.02758268347491533 0.9994467773341387
24.149917602 -7.441489079867315 -2.445205254570757 7.875783070008927 -0.0011710528597890187 -0.01829702538860502 0.027645601264412612 0.9994496326618254
24.19991684 -7.492726193220308 -2.4616432347422936 7.9785507760589445 -0.0009731932025430429 -0.018041293988124853 0.02770834296530345 0.9994527564304087
24.249916077 -7.544296878948066 -2.478077469921137 8.079465986612078 -0.0007833168291329732 -0.01776568126754433 0.0277708900617535 0.9994561244241906
24.299915313 -7.5961940497185525 -2.494506702645795 8.1780742224334 -0.000601896110591286 -0.017470968783595307 0.02783322626553475 0.9994597112872966
24.349914551 -7.6484108411518665 -2.5109297061812255 8.273935473930786 -0.000429382224444633 -0.01715798608270853 0.027895337602108685 0.9994634907211747
24.399913787 -7.700940668731708 -2.5273452906760396 8.366626910108929 -0.0002662040425105917 -0.016827608049454098 0.027957212474414437 0.9994674356943312
24.449913025 -7.7537772901304285 -2.5437523108764566 8.455745498425747 -0.00011276697934131689 -0.01648075309259406 0.0280188417167626 0.9994715186387056
24.499912261 -7.80691485421828 -2.5601496703116506 8.540910479300429 3.0547915875312816e-05 -0.016118381026048255 0.028080218603061913 0.9994757116524284
24.549911499 -7.860347958092998 -2.576536328453471 8.621765717932853 0.0001633850223584196 -0.015741490378180213 0.028141338849640186 0.9994799867099681
24.599910735999998 -7.914071693354188 -2.592911304412095 8.697981898430035 0.00028541497880851135 -0.015351117027190166 0.028202200576534872 0.999484315848402
24.649909972 -7.968081692331108 -2.60927368190956 8.769258550590719 0.00039633552784990186 -0.014948328677347453 0.028262804255694263 0.9994886714132921
24.69990921 -8.022374177960478 -2.6256226155328237 8.835325905033812 0.0004958722707511966 -0.014534225546121394 0.028323152636027873 0.9994930262003943
24.749908446 -8.076945999909245 -2.6419573333338846 8.89594655474265 0.0005837794505443534 -0.014109935877229045 0.02838325064142533 0.9994973536703937
24.799907684 -8.131794677191115 -2.658277142361497 8.95091691935821 0.0006598403944784968 -0.013676613632375708 0.02844310525201341 0.9995016281196482
24.84990692 -8.186918426211705 -2.6745814303951443 9.000068499435011 0.0007238682120398194 -0.013235434507726487 0.028502725361936713 0.9995058248630397
24.899906158 -8.242316190104447 -2.6908696689992064 9.043268912083997 0.0007757062451630373 -0.012787594667703305 0.02856212161899458 0.9995099203665052
24.949905395000002 -8.29798766927362 -2.7071414176641233 9.08042271214974 0.0008152284302256973 -0.012334306683419482 0.028621306256347026 0.9995138924044159
24.999904632 -8.353933336377324 -2.723396324250106 9.111471974026053 0.0008423396189367779 -0.0118767971859088 0.028680292897368332 0.9995177201790333
25.04990387 -8.410154457777445 -2.7396341281584835 9.136396650770932 0.000856975865635378 -0.011416303054733533 0.0287390963617572 0.9995213844421927
25.099903106 -8.46665309901931 -2.755854659710854 9.155214698931493 0.0008591045358139212 -0.010954068327294375 0.028797732448019666 0.9995248675907619
25.149902344 -8.52343213082846 -2.7720578407840493 9.167981964662578 0.0008487244144518391 -0.01049134181301253 0.028856217714170164 0.9995281537370839
25.19990158 -8.580495235822179 -2.788243686378478 9.17479184020576 0.0008258657288420923 -0.010029373662284867 0.02891456925983512 0.999531228773898
25.249900818 -8.637846898953303 -2.804412302518002 9.17577468649059 0.0007905900428314509 -0.009569411656335153 0.028972804493563646 0.9995340804233308
25.299900054 -8.695492404185046 -2.8205638868264065 9.171097029818025 0.000742990144705227 -0.009112699030407167 0.029030940910131798 0.9995366982516941
25.349899291 -8.753437814749796 -2.8366987253312947 9.160960530914226 0.0006831897413047345 -0.008660470769350394 0.029088995858822887 0.9995390736823428
25.399898529 -8.811689954102038 -2.852817190472894 9.14560074758518 0.0006113433126426269 -0.008213950851824916 0.029146986322867052 0.9995411999807975
25.449897765 -8.870256387890553 -2.8689197401344053 9.125285680609126 0.0005276354371876593 -0.007774348215036886 0.029204928708566936 0.9995430722334104
25.499897003 -8.929145389333847 -2.885006912910373 9.100314115741812 0.0004322806608275098 -0.007342855169995097 0.029262838634587535 0.9995446872883818
25.549896239 -8.988365911832071 -2.9010793261481673 9.07101378031464 0.000325522689073169 -0.006920643247011339 0.029320730741924404 0.999546043702233
25.599895477 -9.047927545431422 -2.9171376703482346 9.037739328487993 0.00020763395475271968 -0.00650886199452656 0.029378618505908914 0.9995471416488376
25.649894713 -9.107840474746297 -2.933182704693844 9.000870154792874 7.891484651363268e-05 -0.0061086332403824445 0.029436514069741675 0.999547982846148
25.699893951 -9.168115438887035 -2.9492152537604284 8.960808047637666 -6.030705468528974e-05 -0.005721050816572253 0.029494428100547393 0.9995485704314899
25.749893188 -9.22876367575372 -2.9652362006180106 8.917974716646107 -0.00020967772901201383 -0.005347176489433946 0.029552369651154462 0.9995489088518092
25.799892425 -9.289796874856492 -2.9812464827349014 8.872809187813665 -0.0003688177742520265 -0.00498803707050796 0.029610346052999666 0.9995490037343114
25.849891663 -9.351227114924248 -2.997247084408251 8.825765097559712 -0.0005373230883492401 -0.0046446248455247075 0.02966836282179687 0.9995488617328406
25.899890899 -9.41306680476146 -3.0132390303797383 8.777307900943644 -0.0007147661041461136 -0.0043178907252620705 0.0297264235869148 0.9995484904044588
25.949890137 -9.475328627670063 -3.0292233808941034 8.727911993804478 -0.0009006968532074309 -0.004008744239031788 0.029784530050181272 0.9995478980441581
25.999889373 -9.538025471664884 -3.045201223233339 8.678057795372549 -0.0010946440004720732 -0.003718050469369293 0.02984268195865948 0.9995470935322326
26.049888611 -9.601170370510152 -3.0611736662787017 8.628228778005086 -0.0012961160121999495 -0.0034466295528835255 0.029900877110313022 0.9995460861691381
26.099887848 -9.664776430367231 -3.0771418317360393 8.578908477591124 -0.0015046025929536559 -0.0031952522493193876 0.029959111371044754 0.9995448855253866
26.149887084 -9.728856762154997 -3.0931068468874603 8.530577505616959 -0.0017195757260542138 -0.002964639716131675 0.030017378722805865 0.9995435012771019
26.199886322 -9.793424420208565 -3.109069838602129 8.483710637196634 -0.0019404911154703647 -0.0027554610614980725 0.030075671339021053 0.9995419430529549
26.249885558 -9.858492327775414 -3.1250319243346034 8.43877387366914 -0.0021667895571278488 -0.002568331470053363 0.030133979669345314 0.9995402202841878
26.299884796 -9.924073215759286 -3.140994206432822 8.396221532435298 -0.0023978983016922297 -0.002403811183933893 0.030192292561090035 0.9995383420586889
26.349884032 -9.990179548877293 -3.1569577632927754 8.356493432725305 -0.0026332325811143885 -0.0022624038300545946 0.030250597383173927 0.9995363169855536
26.39988327 -10.056823460128191 -3.1729236418596263 8.320012225480301 -0.0028721969454119996 -0.0021445550914193363 0.03030888018039943 0.9995341530685066
26.449882507 -10.124016693836593 -3.1888928520943756 8.287180795476248 -0.003114186850251901 -0.002050651752668185 0.030367125846401374 0.9995318575890816
26.499881743 -10.191770536580009 -3.204866358825165 8.258379725474814 -0.0033585901394196037 -0.0019810206070416257 0.030425318301123043 0.9995294370031856
26.549880981 -10.260095764516219 -3.2208450765467354 8.233964962669981 -0.0036047885994329593 -0.001935927780751059 0.03048344069503963 0.9995268968497912
26.599880218 -10.329002580239317 -3.236829861224805 8.214265664857313 -0.0038521595340522846 -0.0019155778761172281 0.0305414756111815 0.9995242416749164
26.649879456 -10.398500559401535 -3.2528215045804125 8.199582125239147 -0.004100077221172484 -0.0019201136469572072 0.030599405282707444 0.9995214749702518
26.699878692 -10.468598607484644 -3.268820729882425 8.190183935664047 -0.004347914587918612 -0.0019496155007086146 0.03065721182275907 0.999518599127295
26.74987793 -10.539304907172413 -3.2848281850113508 8.186308338889377 -0.004595044762252202 -0.002004101376541267 0.03071487744832912 0.9995156154081033
26.799877166 -10.610626883587532 -3.300844439153134 8.188158764113634 -0.004840842609113379 -0.0020835267068088385 0.0307723847167577 0.9995125239326117
26.849876403 -10.68257116066313 -3.316869977143648 8.19590355135061 -0.0050846863270989865 -0.0021877844551189576 0.03082971674992878 0.9995093236830022
26.899875641 -10.755143528460517 -3.332905195381509 8.209674935868344 -0.005325959085485027 -0.0023167054787076456 0.030886857463541393 0.9995060125239726
26.949874877 -10.8283489230191 -3.3489504004135497 8.229568207092386 -0.00556405032461449 -0.0024700588463213054 0.030943791793744128 0.9995025872416271
26.999874115 -10.902191396969346 -3.3650058043135616 8.255641145425244 -0.005798357606932545 -0.0026475525805458033 0.03100050590832258 0.9994990435952522
27.049873351 -10.976674110161449 -3.381071524287247 8.287913653761173 -0.006028287898599016 -0.002848834174276566 0.031056987415834673 0.9994953763882611
27.099872589 -11.051799311767859 -3.39714757979645 8.326367645692581 -0.006253259185618455 -0.0030734916741977977 0.031113225554944855 0.9994915795513505
27.149871825 -11.127568333648954 -3.413233891568598 8.370947134489576 -0.006472701845062858 -0.003321054604938408 0.031169211371283742 0.9994876462416274
27.199871062 -11.203981598532485 -3.4293302830561223 8.421558584655775 -0.006686060081138516 -0.0035909951363827085 0.031224937885826108 0.9994835689537613
27.2498703 -11.281038618470653 -3.4454364783625118 8.478071532329633 -0.006892793427166481 -0.0038827292822652174 0.031280400233975006 0.999479339643043
27.299869536 -11.358738013839297 -3.461552105666369 8.540319347609213 -0.007092378001118176 -0.004195619017232877 0.03133559579953518 0.9994749498567935
27.349868774 -11.437077523027826 -3.4776766976195606 8.60810025446059 -0.007284307908189722 -0.004528972693672832 0.03139052430785429 0.9994703908812491
27.39986801 -11.516054025400589 -3.493809692780331 8.681178598748232 -0.007468096412481236 -0.004882047988459991 0.03144518790794997 0.999465653887539
27.449867249 -11.59566357662559 -3.509950441169876 8.759286280200968 -0.007643277189741461 -0.005254053253003951 0.031499591243286024 0.9994607300888421
27.499866485 -11.675901435326596 -3.5260982059188204 8.842124405291912 -0.007809405602408974 -0.005644149272292004 0.031553741469904036 0.9994556109014445
27.549865722 -11.756762109207537 -3.5422521690640267 8.929365137658662 -0.007966059644934553 -0.0060514515855980035 0.031607648284005446 0.999450288107115
27.59986496 -11.838239392069605 -3.558411434039288 9.020653768256134 -0.00811284118695758 -0.006475032492565067 0.03166132388281775 0.9994447540169906
27.649864196 -11.920326411637125 -3.574575031606289 9.115610842647277 -0.008249376907353632 -0.006913923584255474 0.03171478293757813 0.9994390016326828
27.699863434 -12.003015689928095 -3.5907419269948897 9.213834498015158 -0.008375319169403669 -0.007367118569944504 0.03176804253889346 0.9994330248025799
27.74986267 -12.08629919266117 -3.60691102579116 9.314902942600463 -0.008490346961026152 -0.007833575020882503 0.031821122081742884 0.9994268183815823
27.799861908 -12.170168398475846 -3.6230811808212895 9.418377091889871 -0.008594166712729535 -0.00831221732443969 0.03187404317507126 0.9994203783760561
27.849861144 -12.254614355142007 -3.6392511980249074 9.523803273368761 -0.008686513010993682 -0.008801939669957362 0.03192682949279692 0.9994137020815225
27.899860382 -12.339627745617461 -3.6554198451305537 9.630715960278332 -0.00876714924544133 -0.00930160845096533 0.03197950661349091 0.9994067882154348
27.949859619 -12.425198967130289 -3.671585860187909 9.738640693339946 -0.008835868320084313 -0.009810065222313893 0.03203210185613849 0.9993996370331752
27.999858855 -12.511318194883684 -3.687747958173103 9.847096999767844 -0.008892493032782825 -0.010326128798714192 0.03208464405479437 0.9993922504440244
28.049858093 -12.597975464883325 -3.7039048403020614 9.955601379486403 -0.008936876609357347 -0.01084860008463179 0.032137163385771376 0.9993846320822575
28.099857329 -12.685160739847477 -3.720055202028225 10.063670245354233 -0.008968903040097445 -0.011376263545272417 0.032189691108976834 0.9993767873991845
28.149856567 -12.772863985518402 -3.736197740963296 10.170822917593204 -0.008988487372330472 -0.011907890727128324 0.03224225932647805 0.9993687237184844
28.199855803 -12.86107525572245 -3.752331167480568 10.276584593835521 -0.008995576007640458 -0.012442242707771504 0.03229490073850968 0.9993604502855722
28.249855042 -12.949784759958876 -3.768454211501671 10.380489264777523 -0.00899014666141079 -0.01297807468010724 0.0323476483877125 0.9993519782761172
28.299854279 -13.038982948174379 -3.7845656323698447 10.482082602712426 -0.008972208583535195 -0.013514137650089006 0.03240053537943122 0.9993433208181434
28.349853515 -13.128660576607489 -3.80066422660315 10.580924751667403 -0.00894180245098637 -0.01404918226761527 0.03245359461287047 0.999334492971819
28.399852753 -13.218808780880128 -3.816748835376924 10.676593035987684 -0.008899000293205067 -0.014581961711407727 0.03250685851915185 0.9993255117005894
28.449851989 -13.309419156327936 -3.8328183541569123 10.768684579264118 -0.008843905245970878 -0.015111234871996542 0.032560358784737745 0.9993163958208897
28.499851227 -13.400483817747416 -3.848871739204986 10.856818777143454 -0.00877665150162126 -0.015635768433099217 0.032614126069964985 0.9993071659477971
28.549850463 -13.491995474399522 -3.8649080163437994 10.940639651199106 -0.008697403615045476 -0.01615434253884821 0.03266818980119843 0.9992978443700394
28.599849701 -13.58394748356726 -3.8809262865025094 11.019818036020604 -0.00860635638961919 -0.01666575187208005 0.032722577865493666 0.9992884549728721
28.649848938 -13.676333909318133 -3.89692573196916 11.094053606036649 -0.008503734251575345 -0.017168808519800672 0.032777316395195474 0.9992790231200286
28.699848174 -13.769149586694718 -3.9129056244645364 11.163076741689933 -0.008389790669059363 -0.017662345764689866 0.03283242954115531 0.9992695755025484
28.749847412 -13.862390162779295 -3.9288653289977806 11.22665017997803 -0.008264807602141868 -0.018145220649012743 0.03288793926892989 0.9992601399903538
28.799846648 -13.956052151422218 -3.94480431040163 11.284570480651125 -0.008129094680379508 -0.01861631700405259 0.03294386516661317 0.9992507454632026
28.849845886 -14.050132964525448 -3.960722136182874 11.336669277108484 -0.007982988482787574 -0.01907454863324853 0.0330002242691594 0.9992414216231764
28.899845122 -14.14463094705173 -3.976618480297579 11.38281431702717 -0.007826851711301349 -0.01951886016690381 0.033057030904250315 0.9992321988396239
28.94984436 -14.239545415639638 -3.9924931279799996 11.422910276670727 -0.007661072160330206 -0.019948232828919735 0.033114296590858044 0.9992231078901499
28.999843597 -14.334876672703002 -4.008345976451564 11.45689935002926 -0.007486061889427638 -0.02036168374097667 0.03317202989870738 0.9992141798158289
29.049842833 -14.430626034059488 -4.024177038428884 11.484761605658603 -0.007302256065709002 -0.02075827092968556 0.03323023640166585 0.9992054456582241
29.099842072 -14.526795830525263 -4.039986441582998 11.506515104136524 -0.007110111980786531 -0.021137094001513836 0.03328891860534784 0.9991969362757668
29.149841308 -14.623389412574408 -4.0557744289207935 11.522215788585228 -0.006910107720109763 -0.0214972969774708 0.03334807593084581 0.9991886821144791
29.199840546 -14.720411158748897 -4.071541360017521 11.53195714031054 -0.006702741119014096 -0.021838070920271617 0.03340770472112408 0.9991807129770066
29.249839782 -14.817866458747812 -4.087287708383668 11.535869603659192 -0.006488528504398298 -0.02215865547830535 0.03346779825573562 0.9991730578158896
29.29983902 -14.91576170930907 -4.103014061277712 11.534119782329736 -0.00626800322572137 -0.022458340368071882 0.033528346806128685 0.9991657445308673
29.349838256 -15.014104283985864 -4.1187211157530195 11.526909406895404 -0.006041714551357281 -0.022736467988109663 0.033589337715198626 0.9991587997413424
29.399837493 -15.112902506560904 -4.134409675437092 11.51447409358438 -0.005810226133377048 -0.02299243419346434 0.03365075550132299 0.9991522486069522
29.449836731 -15.212165628686344 -4.150080648408802 11.497081892349282 -0.005574114652648916 -0.023225690836702294 0.033712581990533216 0.9991461146131374
29.499835967 -15.311903781520725 -4.165735041215191 11.475031630247914 -0.005333968339266369 -0.023435746286628624 0.03377479646241299 0.9991404194114396
29.549835205 -15.412127941430285 -4.181373955328733 11.448651069868275 -0.005090385536322603 -0.023622167049044098 0.03383737581663964 0.9991351826438916
29.599834441 -15.512849870704457 -4.196998579997464 11.418294892590335 -0.004843973172526639 -0.023784578675180502 0.03390029477308719 0.9991304217945953
29.649833679 -15.614082062758472 -4.212610186127955 11.384342508803533 -0.004595345157607014 -0.023922666820980237 0.03396352607570953 0.9991261520506606
29.699832915 -15.71583769245384 -4.228210121247356 11.347195714270164 -0.004345121088681824 -0.02403617800253976 0.034027040715878726 0.9991223861819306
29.749832152 -15.818130542162123 -4.243799800761992 11.307276219444576 -0.004093924448712699 -0.024124920190540685 0.03409080817579447 0.9991191344410983
29.79983139 -15.9209749435065 -4.259380702014773 11.265023042565552 -0.003842381136899539 -0.02418876324550237 0.03415479667746154 0.9991164044813665
29.849830626 -16.024385695662936 -4.274954354780728 11.220889810395825 -0.0035911179722520788 -0.024227639406601765 0.03421897343712772 0.999114201289023
29.899829865 -16.12837798933965 -4.2905223330899736 11.175341956010008 -0.0033407610385245926 -0.024241543320181736 0.03428330493205845 0.9991125271440024
29.949829101 -16.232967339690006 -4.306086248335183 11.128853842780552 -0.0030919341029051156 -0.024230532106026704 0.034347757177029314 0.9991113815958009
29.999828339 -16.33816949550859 -4.321647738997379 11.081905854894467 -0.002845257142562896 -0.02419472519921448 0.03441229598713844 0.9991107614620217
30.049827575 -16.44400036724711 -4.337208463238211 11.034981424167942 -0.0026013447125465983 -0.024134304088667607 0.03447688725724736 0.9991106608463818
30.099826812 -16.550475931824817 -4.352770088424156 10.98856404518115 -0.0023608044716834256 -0.024049511815178906 0.034541497221257864 0.9991110711794822
30.14982605 -16.65761214946281 -4.368334282090828 10.943134311209992 -0.00212423563624816 -0.023940652373340338 0.03460609271357379 0.9991119812783752
