# timestamp tx ty tz qx qy qz qw 
1.000000119 -0.0123732 0.156822 0.999992 -0.0023089304218094774 0.00842807153969146 1.9460603555181633e-05 0.9999618173208491
1.050000072 -0.0136353 0.164574 0.996602 -0.002522899776253062 0.008686509229624634 2.1916098056339824e-05 0.9999590886827793
1.100000024 -0.0149583 0.172316 0.987066 -0.00274304883532555 0.008923226211276504 2.4477989606860548e-05 0.9999564245725372
1.149999975 -0.0162009 0.179274 0.973279 -0.002946029713933569 0.00911722911469556 2.6860897391743533e-05 0.9999540970978908
1.199999928 -0.0177128 0.187381 0.951057 -0.0031880684590379336 0.009320205495051847 2.9714885637224494e-05 0.9999514833291941
1.24999988 -0.0192147 0.19509 0.92388 -0.0034232296159038434 0.009489648935234239 3.2486896354877285e-05 0.9999491121971387
1.299999833 -0.0207772 0.202787 0.891006 -0.003662330470788365 0.009635371238615877 3.528970453645089e-05 0.9999468714579647
1.349999785 -0.0223175 0.210088 0.854685 -0.003892580483506482 0.009751501211256662 3.7960604715175065e-05 0.9999448757945042
1.399999738 -0.0239976 0.21776 0.811319 -0.004137640303911188 0.009849970723483937 4.075790299368282e-05 0.9999429265538223
1.44999969 -0.0258266 0.225801 0.760406 -0.004397259744995122 0.009926869424323267 4.3653597468450586e-05 0.999941057988349
1.499999641 -0.0276301 0.233445 0.707107 -0.004646067876666094 0.009974675441399666 4.63457788191722e-05 0.9999394569895317
1.549999595 -0.0293989 0.240694 0.652429 -0.004883269493450321 0.009996998962994648 4.882099493571687e-05 0.9999381037252342
1.599999546 -0.0313193 0.24831 0.590958 -0.005133220717110886 0.00999614139646086 5.1315607168789854e-05 0.9999368603088102
1.649999499 -0.0332993 0.25591 0.525843 -0.005382851046381271 0.009970291938141454 5.36720104333904e-05 0.9999358056207958
1.699999451 -0.0354426 0.263873 0.45399 -0.005643910549445374 0.009916330965373586 5.597060544884437e-05 0.9999349026544353
1.749999404 -0.0375448 0.27144 0.382683 -0.005890908606284926 0.009839527672091194 5.796758628559631e-05 0.99993423657184
1.799999356 -0.0397063 0.278991 0.309017 -0.0061356814907573085 0.009738142366030069 5.9754114518172605e-05 0.9999337570507986
1.849999309 -0.0418147 0.286148 0.237262 -0.006365587005641993 0.009619265475118858 6.123637119454681e-05 0.9999334703662651
1.899999261 -0.0440916 0.293665 0.160312 -0.006604267751381136 0.009470706775416941 6.255127870256166e-05 0.9999333404568516
1.949999212 -0.0465458 0.301538 0.078459 -0.006850547357869911 0.009289246417308546 6.364067545496225e-05 0.9999333856557627
1.999999166 -0.0489435 0.309017 -8.74227e-08 -0.00708038288925126 0.009092623710374836 6.438352627261652e-05 0.9999335919626644
2.049999237 -0.0512756 0.316104 -0.0745437 -0.007293910542801513 0.008884770661190857 6.480900482298566e-05 0.9999339255864622
2.099999189 -0.0539146 0.323917 -0.156435 -0.007523876705161076 0.008631736220009765 6.494837155795728e-05 0.9999344378888164
2.149999141 -0.0563578 0.330967 -0.229625 -0.00772596985313075 0.008382299840654039 6.4765598768818e-05 0.9999350190085784
2.199999093 -0.0589863 0.338368 -0.30528 -0.00793205208030248 0.008099312124168997 6.424821685008162e-05 0.9999357377514267
2.249999046 -0.0618087 0.346117 -0.382684 -0.008140533300726617 0.00778040315470533 6.334062568260352e-05 0.9999365945574387
2.299998999 -0.0644172 0.353107 -0.450488 -0.008321716296248411 0.007473356673828371 6.219507231879942e-05 0.9999374450425994
2.34999895 -0.067361 0.360811 -0.522499 -0.008513246159668775 0.0071144167906816705 6.057047267661792e-05 0.9999384510727226
2.399998903 -0.070079 0.367759 -0.584604 -0.008678206478440278 0.006772737251667291 5.8778776147955095e-05 0.9999394057687401
2.449998856 -0.0729961 0.375052 -0.646457 -0.008842876107298567 0.006396587184173588 5.6567575098522477e-05 0.9999404401812061
2.499998807 -0.0761205 0.382683 -0.707107 -0.009005444132810531 0.005984442746401803 5.389572473401818e-05 0.9999415411030519
2.549998759 -0.0790015 0.389566 -0.75785 -0.00914301425372199 0.005597312604109656 5.117922381076783e-05 0.9999425347836711
2.5999987129999997 -0.0822454 0.397148 -0.809017 -0.009284193589970657 0.0051547719932242934 4.7860518506492305e-05 0.9999436133461044
2.649998665 -0.0852341 0.403984 -0.850582 -0.00940175416274902 0.004742102099627422 4.45865197412619e-05 0.9999445572613371
2.6999986160000002 -0.0884352 0.411156 -0.889217 -0.009514774722683774 0.004296182132421443 4.087942029060913e-05 0.9999455036741399
2.7499985689999997 -0.0918568 0.41866 -0.92388 -0.009621285855411972 0.0038164183559908664 3.6720884181642745e-05 0.9999464307495153
2.799998522 -0.0950058 0.425424 -0.949836 -0.009706698071992946 0.003373259329981448 3.274499349597793e-05 0.9999471986159306
2.849998474 -0.0985449 0.432873 -0.97237 -0.00978874042331803 0.002874640124314972 2.8140601216951656e-05 0.9999479567568451
2.899998425 -0.1018 0.439586 -0.987066 -0.009851604420567874 0.002416641084384379 2.3809010683472785e-05 0.9999485513073569
2.949998379 -0.10528 0.446627 -0.996602 -0.009905929257886928 0.0019286698555116763 1.9106198568639108e-05 0.9999490749122274
2.999998331 -0.108993 0.453991 -1.0 -0.00994979493711591 0.0014111307002069766 1.4041206967285935e-05 0.9999495038220299
3.049998282 -0.112406 0.460626 -0.997218 -0.00997771219496691 0.0009394922066760661 9.374452062257525e-06 0.9999497800240058
3.099998235 -0.116234 0.46793 -0.987688 -0.009995510427927774 0.0004157860178006302 4.156200177935234e-06 0.9999499571901426
3.149998188 -0.11975 0.474511 -0.973279 -0.009999750004948871 -5.907020002923381e-05 -5.907160002923451e-07 0.9999499995051253
3.199998139 -0.123504 0.48141 -0.952263 -0.009992020775462818 -0.0005587540433638995 -5.583360433314594e-06 0.9999499223956734
3.2499980920000002 -0.127504 0.488621 -0.923879 -0.009970482909655427 -0.0010819003157276487 -1.0787603148113118e-05 0.9999497081876605
3.299998045 -0.131174 0.495118 -0.892782 -0.009939176028817852 -0.0015526893796254005 -1.5433193833691674e-05 0.9999493995280501
3.349997997 -0.135287 0.502266 -0.85264 -0.009891630632109426 -0.002068920132211156 -2.0466001307848303e-05 0.9999489360997987
3.399997949 -0.139058 0.508703 -0.811319 -0.009836975946830553 -0.00253110895709682 -2.489968974047896e-05 0.9999484120126659
3.449997901 -0.14308 0.515449 -0.76295 -0.009767672343105252 -0.003011440722395503 -2.941630705649219e-05 0.9999477601287873
3.499997854 -0.14736 0.522499 -0.707107 -0.009682070242661595 -0.003507660087912438 -3.396320085121925e-05 0.9999469749383417
3.549997807 -0.151282 0.528846 -0.652429 -0.009593498219748524 -0.003948329267314295 -3.78803929705907e-05 0.9999461855585211
3.5999977579999998 -0.155672 0.535827 -0.587785 -0.009483557739027896 -0.004424988945039737 -4.1966989994662736e-05 0.999945238396582
3.649997711 -0.159694 0.542112 -0.525843 -0.00937342694379506 -0.004845778420034419 -4.542408518948146e-05 0.9999443260316435
3.699997663 -0.163977 0.548695 -0.457486 -0.009246847019555332 -0.0052768882991528305 -4.879738427162217e-05 0.9999433223017289
3.749997615 -0.16853 0.55557 -0.382683 -0.009102517847764245 -0.005715348648640089 -5.2027087698507136e-05 0.999942236430289
3.799997568 -0.172699 0.561759 -0.312749 -0.008962187844431431 -0.006098498533200599 -5.4659086853499205e-05 0.9999412405039292
3.84999752 -0.177359 0.568562 -0.233445 -0.008796698751563794 -0.006505949076669259 -5.7234291877252566e-05 0.9999401419124758
3.899997473 -0.181625 0.574684 -0.160312 -0.008637938572793678 -0.006859178866689852 -5.92527902099377e-05 0.9999391652152594
3.949997424 -0.186163 0.581094 -0.0823732 -0.008461958552952129 -0.007214268766314891 -6.105068955995003e-05 0.9999381709956559
3.999997377 -0.190983 0.587785 1.74845e-07 -0.008267888494316164 -0.007567688621831143 -6.257278860472823e-05 0.999937182100784
4.04999733 -0.195624 0.594121 0.0784593 -0.008074667497548413 -0.007884907556357654 -6.367218026710713e-05 0.9999363098940521
4.099997519 -0.200315 0.60042 0.156435 -0.00787377376675324 -0.008182433914413895 -6.443073082316956e-05 0.999935521638254
4.149997711 -0.204817 0.60637 0.229625 -0.007676261038382551 -0.008446131142524356 -6.483890877088353e-05 0.999934864736875
4.199997901 -0.209604 0.612597 0.30528 -0.007461837880289368 -0.008703117527674676 -6.494558155067937e-05 0.9999342840547818
4.249998093 -0.21444 0.618786 0.379053 -0.007241271226893441 -0.008938361514432587 -6.472931096713058e-05 0.9999338305805116
4.299998282 -0.21957 0.625243 0.453991 -0.007003643463926262 -0.009161314531087022 -6.416683173622054e-05 0.999933505443465
4.349998474 -0.224504 0.631353 0.522499 -0.006772197619450335 -0.009350176713244167 -6.332547773995191e-05 0.9999333514944927
4.399998665 -0.229237 0.637121 0.584604 -0.0065482076708949085 -0.009507956618153962 -6.226427785347476e-05 0.9999333556620618
4.449998855 -0.234264 0.643155 0.646457 -0.006308672986517931 -0.009650874568711996 -6.088832882445899e-05 0.9999335266324902
4.499999046 -0.239339 0.649149 0.704325 -0.006065870755601419 -0.009769671216969126 -5.926540738245633e-05 0.9999338754421947
4.549999236 -0.244718 0.6554 0.760406 -0.005808067446766692 -0.009868105661969098 -5.731837480277475e-05 0.9999344395721672
4.599999428 -0.249889 0.661312 0.809017 -0.005560459059644304 -0.00993658831957626 -5.5255590655464086e-05 0.9999351691037669
4.649999618 -0.254844 0.66689 0.850582 -0.00532392979927589 -0.0099786496237825 -5.3128997996917464e-05 0.999936037699833
4.699999809 -0.260105 0.672722 0.889217 -0.005074169304107929 -0.009998598628751803 -5.073769304162786e-05 0.9999371371353986
4.75 -0.265944 0.679089 0.925375 -0.004799242093672129 -0.00999168435887806 -4.795542092058001e-05 0.999938563776035
4.80000019 -0.271031 0.684547 0.951057 -0.0045622601117282 -0.009961380243950815 -4.544920111303549e-05 0.9999399755118095
4.850000381 -0.27643 0.690251 0.97237 -0.004313891570486749 -0.009905213606026359 -4.273251555691616e-05 0.9999416359677485
4.900000571 -0.282147 0.696195 0.988295 -0.004054951767526604 -0.009819594280296074 -3.982021735736887e-05 0.9999435641310369
4.950000763 -0.287637 0.701811 0.997218 -0.0038107616510198103 -0.009712894208130086 -3.7015516037043484e-05 0.9999455667714734
5.000000953 -0.293171 0.707384 0.999992 -0.0035695409968785527 -0.009581912675975216 -3.420480955250019e-05 0.9999477207409255
5.050001144 -0.298469 0.712639 0.996917 -0.00334368034842752 -0.009435290983202548 -3.1550103287671996e-05 0.9999498958004169
5.100001334 -0.304087 0.718126 0.987688 -0.003109969043678357 -0.009257967153156759 -2.8793391145975174e-05 0.9999523074872212
5.150001525 -0.310033 0.723841 0.971446 -0.0028696801202505715 -0.009046880379098884 -2.5962801087940656e-05 0.9999549580980616
5.200001717 -0.315739 0.729237 0.949836 -0.002646271117327959 -0.00882266372516965 -2.334820985825205e-05 0.9999575777904146
5.250001906 -0.321488 0.734589 0.92237 -0.002428749338508757 -0.008576387664145391 -2.08306943265772e-05 0.9999602723479005
5.300002098 -0.326988 0.739631 0.891006 -0.002228050257274892 -0.008322560961013319 -1.8543802141268882e-05 0.9999628845334068
5.350002288 -0.332817 0.744894 0.85264 -0.002023550666812476 -0.008035102647774916 -1.6259905358060926e-05 0.9999656704852438
5.40000248 -0.338983 0.750371 0.806702 -0.0018168307010936347 -0.0077116629758401944 -1.4011205406759652e-05 0.9999686141237043
5.450002669 -0.344896 0.755539 0.75785 -0.001628109326832483 -0.007383856947027716 -1.2021995029316267e-05 0.9999714134538046
5.50000286 -0.350851 0.760661 0.704324 -0.001447809728338701 -0.0070375986794927806 -1.018929808812035e-05 0.9999741876311719
5.550003052 -0.356544 0.765483 0.649448 -0.0012847402817401353 -0.006692341467612729 -8.598111885543126e-06 0.9999767807076969
5.600003241 -0.362576 0.770513 0.587785 -0.0011221494999959015 -0.006312617187242461 -7.083836843604658e-06 0.9999794455677238
5.650003433 -0.368952 0.775744 0.519146 -0.0009618648555033522 -0.005896949114127755 -5.672169147895442e-06 0.9999821502228157
5.700003623 -0.375064 0.780676 0.450488 -0.0008195533144925982 -0.005485942105156743 -4.496091725314929e-06 0.9999846162691612
5.750003815 -0.381215 0.78556 0.379052 -0.0006876890306184879 -0.005061220225344456 -3.4805901549688933e-06 0.9999869554768384
5.800004004 -0.387093 0.790155 0.309017 -0.0005723959751234829 -0.004645999798083323 -2.659379884422477e-06 0.9999890434598505
5.850004196 -0.393318 0.794944 0.233445 -0.00046182996154488156 -0.004197629650476671 -1.9386098385780977e-06 0.999991083266084
5.900004387 -0.399894 0.79992 0.152554 -0.00035794598810926555 -0.0037155598765715014 -1.3299799558189252e-06 0.9999930332191214
5.950004577 -0.406195 0.804609 0.0745434 -0.00027089808341524953 -0.0032469109997925716 -8.795862708432167e-07 0.9999946920803889
6.000004768 -0.412533 0.809248 -0.00392724 -0.0001956699718212131 -0.0027701396010671804 -5.420349219405695e-07 0.9999961440112346
6.050004958 -0.418587 0.813608 -0.0784594 -0.0001353229565628108 -0.0023107792582651287 -3.127028996257889e-07 0.9999973209881012
6.10000515 -0.424995 0.81815 -0.156435 -8.36576717780624e-05 -0.0018216193854762208 -1.523929485901987e-07 0.9999983373495887
6.15000534 -0.431761 0.822864 -0.237262 -4.263589360444766e-05 -0.0013031398045238853 -5.556039166572192e-08 0.9999991500037975
6.200005531 -0.438241 0.827301 -0.31275 -1.626650528551819e-05 -0.0008059782618886287 -1.3110404259998013e-08 0.9999996750673794
6.250005722 -0.444756 0.831688 -0.386309 -2.35379011078684e-06 -0.0003068050144405221 -7.22153033989884e-10 0.9999999529325747
6.300005912 -0.450977 0.835807 -0.453991 -7.068180099913048e-07 0.00016813900237674765 1.1884400167993267e-10 0.9999999858643884
6.350006104 -0.457558 0.840094 -0.522499 -1.1156402487214159e-05 0.0006676501488462705 7.448541660581742e-09 0.9999997770594813
6.400006293 -0.464505 0.844538 -0.590958 -3.554778965781976e-05 0.001190319653691537 4.231318768951269e-08 0.9999992909370735
6.450006485 -0.471154 0.848718 -0.652429 -7.149753019253756e-05 0.0016850707115848706 1.2047805087641583e-07 0.9999985777125826
6.500006675 -0.477836 0.852845 -0.709878 -0.00011976604477034194 0.002175610813275918 2.6056409740276346e-07 0.9999976261857652
6.550006866 -0.484214 0.856718 -0.760406 -0.0001769210869545874 0.002636601295857841 4.66472229265493e-07 0.9999965085134959
6.600007057 -0.490959 0.860742 -0.809017 -0.0002488359711004534 0.0031154096381796185 7.75228909965734e-07 0.999995116138362
6.650007247 -0.498074 0.864911 -0.854686 -0.00033712285572117 0.0036097584551278037 1.2169394791851062e-06 0.9999934279680763
6.700007439 -0.504883 0.868826 -0.892783 -0.0004331561653425435 0.004071331554091499 1.7635406731713035e-06 0.9999916182872738
6.750007628 -0.511721 0.872688 -0.925375 -0.0005406022020632364 0.004522741690484833 2.4450309138898387e-06 0.9999896262293884
6.80000782 -0.518246 0.876307 -0.951057 -0.0006530052746404157 0.004941112078128811 3.2266113570455223e-06 0.9999875794258781
6.85000801 -0.525144 0.880063 -0.97237 -0.0007819107820830671 0.005369448503545702 4.198488829889764e-06 0.9999852786937707
6.900008202 -0.532417 0.883949 -0.988295 -0.0009286022589153127 0.005804741618493254 5.390381502960282e-06 0.9999827211821222
6.950008392 -0.539374 0.887594 -0.997218 -0.0010787398161756674 0.006204438942722953 6.693138859445284e-06 0.9999801704031439
7.000008582 -0.546359 0.891185 -0.999992 -0.001238690585357099 0.00658864311353704 8.161443856781633e-06 0.9999775274492048
7.050008774 -0.553021 0.894545 -0.996917 -0.0013993400700597167 0.00693839034737922 9.70943048611482e-06 0.9999749499349967
7.100008964 -0.560061 0.898028 -0.987688 -0.001577219705910053 0.007289618640770496 1.149769785612788e-05 0.9999721864557685
7.150009155 -0.567481 0.901625 -0.971446 -0.0017731995534298389 0.007638778076217451 1.354549658864419e-05 0.9999692518364708
7.200009345 -0.574576 0.904994 -0.949836 -0.001968109119551003 0.007951756442719607 1.5650492998629632e-05 0.9999664473426056
7.250009537 -0.581697 0.908308 -0.922369 -0.002170600749998836 0.008244872848817333 1.7897006183879653e-05 0.999963654486512
7.300009726 -0.588486 0.911403 -0.891006 -0.0023695199273094294 0.008504239739112539 2.0151799381796384e-05 0.9999610306761444
7.350009917 -0.595656 0.914607 -0.85264 -0.0025853191764727834 0.00875652721069702 2.2639392788450916e-05 0.9999583185264845
7.400010109 -0.603213 0.917911 -0.806702 -0.00281839127879712 0.008997864082627831 2.5360611506946247e-05 0.9999555462869678
7.450010299 -0.610434 0.920999 -0.75785 -0.003045950010010336 0.009204660030250575 2.8038300092146226e-05 0.9999529967137133
7.50001049 -0.617679 0.92403 -0.704324 -0.0032784014659966373 0.009388454198217462 3.0780613764109354e-05 0.999950552853786
7.55001068 -0.624584 0.926857 -0.649448 -0.0035032287969173734 0.00954131672331068 3.3427088520433066e-05 0.9999483434032248
7.600010872 -0.631875 0.929776 -0.587785 -0.0037435194399555363 0.009678978551988725 3.623539457904989e-05 0.9999461495956494
7.650011063 -0.639555 0.932781 -0.519146 -0.003999189977614843 0.009797479945159364 3.918419978066947e-05 0.9999440055971094
7.7000112529999996 -0.646893 0.935583 -0.450488 -0.004245259459362178 0.009885238741105463 4.196789465534879e-05 0.9999421273435629
7.750011444 -0.654251 0.938327 -0.379052 -0.0044932181195836175 0.009948285836632193 4.470258129192397e-05 0.9999404184759135
7.800011634 -0.661262 0.940881 -0.309017 -0.004729970193924832 0.009985160409383246 4.7232401936489074e-05 0.9999389590033353
7.850011826 -0.668662 0.943512 -0.233445 -0.004979821986028756 0.009999633988006138 4.9799519860806017e-05 0.9999376012095157
7.900012015 -0.676454 0.946212 -0.152554 -0.00524220802435028 0.009987926235814456 5.236218026607753e-05 0.9999363768494629
7.950012207 -0.683896 0.948724 -0.0745433 -0.00549149777610881 0.009951195970065373 5.4650477868202596e-05 0.9999354049435558
8.000012398 -0.691357 0.951178 0.00392733 -0.00573955216372521 0.009889593728228728 5.676552139975144e-05 0.9999346230394802
8.050012588 -0.698837 0.953573 0.0823737 -0.005985759824071074 0.00980326971186971 5.868389827520724e-05 0.9999340293893039
8.100012779 -0.70596 0.955793 0.156435 -0.006217392257202482 0.009698563521029517 6.030372189305502e-05 0.9999336369774636
8.15001297 -0.713852 0.958185 0.237262 -0.006470177460912387 0.009557386249401013 6.184207573135368e-05 0.9999333924030691
8.20001316 -0.721009 0.960294 0.309017 -0.006695427750489812 0.009406956839478219 6.298777883755073e-05 0.9999333359545578
8.25001335 -0.728938 0.962562 0.386309 -0.006939916897769931 0.009216015880325081 6.396257140792676e-05 0.9999334469826174
8.300013542 -0.736506 0.964661 0.457486 -0.007167802064227119 0.009010552594913597 6.459011860105417e-05 0.9999337120329409
8.350013733 -0.743711 0.9666 0.522499 -0.007379289282429725 0.00879448914481412 6.490129368892621e-05 0.9999340972346913
8.400013923 -0.751691 0.968681 0.590958 -0.007606772575847214 0.00853263288936713 6.491002198018906e-05 0.9999346613965046
8.450014114 -0.758925 0.970506 0.649448 -0.007806407779482074 0.008275427646070262 6.460558162306453e-05 0.9999352844296192
8.500014305 -0.766937 0.972462 0.709878 -0.008019689341907178 0.007969459346029033 6.391659475502723e-05 0.9999360820543883
8.550014495 -0.774581 0.974262 0.762951 -0.008215090554292087 0.0076576305166789075 6.291200424482553e-05 0.9999369325318249
8.600014686 -0.781857 0.975917 0.809017 -0.008393281611660149 0.007343651410112383 6.164111183619569e-05 0.9999378079940241
8.650014877 -0.789912 0.977683 0.854686 -0.008581301414835672 0.006977371150388867 5.9878609872441155e-05 0.999938835135803
8.700015068 -0.797213 0.979223 0.891007 -0.008742931725172572 0.0066293913081246 5.796381143753388e-05 0.9999398026898624
8.750015258 -0.805295 0.980862 0.925375 -0.008911730918587893 0.0062274106418982 5.550030572076395e-05 0.9999408969298214
8.80001545 -0.813004 0.982361 0.952263 -0.009062490486972375 0.005828600313199483 5.28247028385322e-05 0.9999419462681776
8.85001564 -0.820339 0.983729 0.97237 -0.009196300599110292 0.005436230354153448 4.999600325708364e-05 0.9999429348568333
8.90001583 -0.828458 0.985177 0.988295 -0.009333169984610019 0.004988319991774483 4.655949992322546e-05 0.9999440016488631
8.950016021 -0.835813 0.986429 0.996917 -0.009446730667842424 0.004571190323163106 4.3185203053004445e-05 0.9999449293082742
9.000016212 -0.843953 0.98775 0.999992 -0.009560560974900672 0.004098190417896878 3.91832039955534e-05 0.9999458980344322
9.050016403 -0.851716 0.988945 0.996602 -0.009657292398110277 0.003637210903196516 3.5127408722879696e-05 0.9999467516919777
9.100016593 -0.859099 0.990024 0.987688 -0.009738395235499082 0.003190828438890119 3.10751847964944e-05 0.9999474892231507
9.150016785 -0.867268 0.991152 0.971446 -0.009815607943517681 0.0026891294365965746 2.639679446956914e-05 0.9999482095005621
9.200016975 -0.874667 0.992115 0.951056 -0.009874032306111686 0.002228790520541123 2.2008305140109744e-05 0.999948766458727
9.250017165 -0.882853 0.993115 0.922369 -0.009925807334857888 0.0017141895397292555 1.7015495431231747e-05 0.9999492684926373
9.300017356 -0.890656 0.994004 0.889217 -0.00996249369371338 0.0012196704522073696 1.215160450535233e-05 0.9999496292566089
9.350017548 -0.898076 0.994792 0.85264 -0.00998586138834003 0.0007470461038622479 7.460271037205757e-06 0.9999498609763785
9.400017738 -0.906283 0.995599 0.806702 -0.009998590119617654 0.000222750002664859 2.2273000266461973e-06 0.9999499880371461
9.450017928 -0.913714 0.99627 0.760406 -0.00999824015451182 -0.00025218100389718035 -2.521490038966859e-06 0.9999499845468711
9.50001812 -0.921932 0.996948 0.704324 -0.009984741499800234 -0.0007763991166223059 -7.75253116450166e-06 0.9999498497982904
9.550018311 -0.929765 0.99753 0.646457 -0.009959104026968578 -0.0012736905150173817 -1.268540512934976e-05 0.9999495956697291
9.600018500000001 -0.93721 0.998027 0.587785 -0.009923257581782205 -0.0017431795752012045 -1.72988957843987e-05 0.999949243679502
9.650018691 -0.945442 0.998511 0.519146 -0.009870732619092605 -0.002257480598998167 -2.2284105912847535e-05 0.9999487346743009
9.700018883 -0.952894 0.99889 0.45399 -0.009811628312918487 -0.0027174695327388627 -2.666419541516763e-05 0.9999481719382073
9.750019073 -0.961133 0.999244 0.379052 -0.009733685661265354 -0.0032187085652790885 -3.1331586034124936e-05 0.9999474457206492
9.800019263 -0.968982 0.999519 0.305279 -0.009647323257134965 -0.003687861245097887 -3.5579912012510874e-05 0.9999466623973045
9.850019455 -0.97644 0.999722 0.233445 -0.009554511476347666 -0.0041250306373930646 -3.94148060903121e-05 0.9999458454899608
9.900019646 -0.984685 0.999883 0.152554 -0.009439981197867663 -0.0045973505833716705 -4.3401305507322457e-05 0.9999448731139654
9.950019834999999 -0.992146 0.999969 0.0784587 -0.009325810533241583 -0.005013810286685229 -4.6760502673724104e-05 0.9999439428240883
10.000020026 -1.00039 1.0 -0.00392742 -0.00918828115691059 -0.005460910687591651 -5.017930631815352e-05 0.9999428740956412
10.050020218 -1.00825 0.999966 -0.0823738 -0.009046561518312896 -0.005872750985642284 -5.313130891719482e-05 0.9999418321765866
10.100020409 -1.01571 0.999877 -0.156435 -0.008902551467867401 -0.0062504210305797505 -5.564790917531925e-05 0.9999408351280751
10.150020598 -1.02395 0.999713 -0.237262 -0.008733152253447864 -0.006651401716286004 -5.809121498949296e-05 0.9999397419817506
10.200020789 -1.03141 0.999507 -0.309017 -0.008571011918231113 -0.00699843156628054 -5.998731342543122e-05 0.9999387762091432
10.250020981 -1.03965 0.999214 -0.386309 -0.008382452077963535 -0.00736360182539619 -6.172881530223211e-05 0.9999377521208971
10.300021171 -1.0475 0.998871 -0.457486 -0.008194191342199524 -0.007692521260026516 -6.303801032555671e-05 0.9999368362114199
10.350021361 -1.05495 0.998489 -0.522499 -0.008007949722947898 -0.00798719972366579 -6.396519778698754e-05 0.9999360345949189
10.400021553 -1.06318 0.998002 -0.590958 -0.007794218106558564 -0.008291917985652842 -6.463318429872662e-05 0.9999352429131872
10.450021744 -1.07063 0.997503 -0.649448 -0.007594192838469279 -0.008547943194951021 -6.49190242646796e-05 0.9999346262558987
10.500021934 -1.07885 0.996886 -0.709878 -0.007366329486234442 -0.008808469385652218 -6.489029547421835e-05 0.99993406974052
10.550022124 -1.08668 0.996236 -0.762951 -0.007143242315061832 -0.009034032927850393 -6.453652091571723e-05 0.9999336759302098
10.600022316 -1.09411 0.995562 -0.809017 -0.006926336978573018 -0.00922739597479833 -6.391637211821314e-05 0.9999334361936989
10.650022505999999 -1.10232 0.994752 -0.854686 -0.006681567760812854 -0.009416896844124743 -6.292387891238315e-05 0.9999333351065499
10.700022696 -1.10973 0.993961 -0.891007 -0.006456107410806277 -0.009565996163598952 -6.17632752301078e-05 0.9999334010187692
10.750022888 -1.11793 0.993022 -0.925375 -0.006203112130967602 -0.009705693334216375 -6.020942068386353e-05 0.9999336564906594
10.800023079 -1.12572 0.992065 -0.952263 -0.005959059493474788 -0.00981385916581348 -5.8485195028707824e-05 0.9999340849952552
10.850023269 -1.13312 0.9911 -0.97237 -0.0057249919244245755 -0.009893903325781234 -5.6646219041315243e-05 0.9999346638773445
10.900023459 -1.14129 0.989968 -0.988295 -0.005464402723328594 -0.00995640496203587 -5.440932711631698e-05 0.9999355016556358
10.950023651 -1.14867 0.988886 -0.996917 -0.0052275076995981435 -0.009989305604135187 -5.2222477019128424e-05 0.9999364400289322
11.000023841 -1.15682 0.987627 -0.999992 -0.004965101608712826 -0.009999473239869416 -4.965151608729026e-05 0.9999376760160793
11.050024032 -1.16457 0.986365 -0.996601 -0.0047152697886832014 -0.009983519552584374 -4.707789789018422e-05 0.9999390448126866
11.100024223 -1.17193 0.985109 -0.987688 -0.004478582175371093 -0.009945264830689884 -4.454332163592191e-05 0.999940514301031
11.150024414 -1.18005 0.983658 -0.971446 -0.0042183686341535995 -0.00987687680201097 -4.166668650893303e-05 0.9999423237666735
11.200024604 -1.18738 0.982287 -0.951056 -0.003984769516406103 -0.009791538811693274 -3.901929526459611e-05 0.9999441213537733
11.250024795 -1.19548 0.980709 -0.922369 -0.0037292789751438636 -0.009671537342131156 -3.606979008753543e-05 0.9999462747986411
11.300024986 -1.20317 0.979143 -0.889217 -0.0034891883359058845 -0.009532465453693482 -3.326228413626151e-05 0.9999484769039164
11.350025176 -1.21047 0.9776 -0.85264 -0.003264591000425196 -0.009378272873946684 -3.0617709382715304e-05 0.9999506935676856
11.400025367 -1.21853 0.975831 -0.806702 -0.003020929185899948 -0.009183247525237493 -2.77431925235803e-05 0.9999532694739727
11.450025558 -1.2258 0.974173 -0.760406 -0.0028051508434477606 -0.0089849827015886 -2.5205307578686997e-05 0.9999556993350105
11.500025749 -1.23383 0.972278 -0.704324 -0.00257243877413295 -0.008742265833970572 -2.2489889282693715e-05 0.9999584765188492
11.550025939 -1.24146 0.970412 -0.646457 -0.002357019547218832 -0.00848871836932544 -2.0008796156329674e-05 0.9999611920915377
11.60002613 -1.24869 0.968583 -0.587785 -0.002158480392255368 -0.008228171495285503 -1.7761003227663726e-05 0.9999638182789853
11.650026321 -1.25667 0.966499 -0.519146 -0.0019465104818781021 -0.00791864196033887 -1.5414203815940035e-05 0.9999667524481864
11.700026512 -1.26387 0.964557 -0.45399 -0.001761969265450947 -0.007619746823396455 -1.3426194402740968e-05 0.9999694168780332
11.750026702 -1.27182 0.962349 -0.379052 -0.001566509451283603 -0.0072694274536674285 -1.1387896011051665e-05 0.9999723502698515
11.800026894 -1.27937 0.960184 -0.305279 -0.0013891498454893178 -0.006917159230626563 -9.609178931201845e-06 0.9999751112240122
11.850027084 -1.28652 0.958073 -0.233445 -0.001229000386856256 -0.006566472066948738 -8.070392540342442e-06 0.9999776852338296
11.900027274 -1.29442 0.955677 -0.152554 -0.001061909519015298 -0.006161657209119231 -6.5432770362671235e-06 0.9999804529341471
11.950027465 -1.30154 0.953454 -0.0784586 -0.0009200751213667551 -0.00578074076253529 -5.318810701602272e-06 0.9999828680926274
12.000027657 -1.30939 0.950935 0.00392751 -0.0007740246764476915 -0.005344587765893307 -4.136908270718928e-06 0.9999854180066414
12.050027847 -1.31685 0.948476 0.0823739 -0.0006457501870419856 -0.004915501423778367 -3.1742209194152717e-06 0.9999877103527882
12.100028037 -1.32392 0.946085 0.156435 -0.0005339641343950298 -0.004496461131727748 -2.400970604307471e-06 0.9999897483095266
12.150028229 -1.33171 0.943382 0.237263 -0.0004221410741152994 -0.004021550706063572 -1.6976802980616938e-06 0.9999918244314259
12.200028419 -1.33874 0.940881 0.309018 -0.0003318301564396843 -0.003582281688848966 -1.1887205604164228e-06 0.99999352855778
12.250028609 -1.34649 0.938055 0.386309 -0.0002442699501508075 -0.0030874193699373894 -7.541688460936028e-07 0.9999952040731706
12.3000288 -1.35384 0.935305 0.457486 -0.00017306107204701667 -0.0026081910858154547 -4.513771879127374e-07 0.9999965836914697
12.350028992 -1.36081 0.932639 0.522499 -0.00011658403629298 -0.0021468606683245303 -2.502910779164058e-07 0.9999976886974533
12.400029182 -1.36849 0.929632 0.590958 -6.698382230192832e-05 -0.0016313805431599855 -1.0927603638290931e-07 0.9999986670553387
12.450029372 -1.37542 0.926857 0.649448 -3.3817088996767514e-05 -0.0011610796222138158 -3.9264387224353313e-08 0.9999993253745904
12.500029564 -1.38305 0.923729 0.709879 -1.0195202077247596e-05 -0.0006382721300463921 -6.507291325844761e-09 0.9999997962524352
12.550029755 -1.39029 0.920692 0.762951 -4.809770046266323e-07 -0.00013870200133420755 -6.67123006417215e-11 0.9999999903807619
12.600029944 -1.39715 0.917755 0.809017 -2.827070159812309e-06 0.00033623001900684907 9.5054805373382e-10 0.9999999434706958
12.650030135 -1.4047 0.914448 0.854686 -1.8534206860784984e-05 0.0008602293184300486 1.5943705901862375e-08 0.9999996298312068
12.700030327 -1.41151 0.911403 0.891007 -4.4575595031250624e-05 0.001332319851489062 5.938899338003175e-08 0.9999991114678202
12.750030517999999 -1.41902 0.907979 0.925375 -8.6360475475019e-05 0.0018505594744709808 1.5981595461484862e-07 0.99999828398329
12.800030707 -1.42613 0.90466 0.952263 -0.00013874596476516556 0.002339409405901979 3.2458391757122005e-07 0.9999972539513766
12.850030899 -1.43287 0.901455 0.97237 -0.00019976898711704448 0.002798409819532602 5.590379639480515e-07 0.9999960644890089
12.90003109 -1.44029 0.897855 0.988295 -0.000279806133948761 0.0032983515789864973 9.229054418131894e-07 0.9999945212825059
12.95003128 -1.44698 0.894545 0.996917 -0.00036343602567480253 0.0037428802644143802 1.3603100960985994e-06 0.9999929293558676
13.00003147 -1.45434 0.890828 0.999992 -0.00046802801500034976 0.0042243301353902495 1.977120063366917e-06 0.9999909679501777
13.050031662 -1.46132 0.887232 0.996601 -0.0005792540474172531 0.004672050382450148 2.706340221538753e-06 0.9999889181417346
13.100031853 -1.46793 0.883766 0.987688 -0.0006951581240277788 0.005086590907532474 3.5360306308867144e-06 0.9999868215856764
13.150032042 -1.4752 0.879877 0.971446 -0.0008345477049414345 0.005531378044353293 4.616268367894951e-06 0.999984353549405
13.200032234 -1.48175 0.876307 0.951056 -0.0009705629985625685 0.005920699991231274 5.746509991489255e-06 0.9999820014810019
13.250032425 -1.48896 0.872304 0.922369 -0.0011314596709393137 0.006335428157477115 7.168407915222885e-06 0.9999792908223637
13.300032615 -1.4958 0.868437 0.889217 -0.0012946104900113209 0.006714192541328361 8.692433290094395e-06 0.9999766215077398
13.350032805 -1.50227 0.864713 0.85264 -0.0014581799629681518 0.0070584798207432835 1.0292799738604696e-05 0.9999740253952777
13.400032997 -1.50938 0.860542 0.806702 -0.0016482498194610843 0.007420459187209585 1.223119866027145e-05 0.9999711095305323
13.450033188 -1.51579 0.856717 0.760406 -0.00182819917923186 0.007730366529459903 1.4133093654962151e-05 0.9999684489346045
13.500033378 -1.52283 0.852435 0.704324 -0.002035391006002464 0.008052593980035954 1.6390708101191703e-05 0.9999655057616661
13.550033569 -1.52951 0.848302 0.646456 -0.0022403106239273656 0.008338842322370777 1.868230520302914e-05 0.999962721509922
13.60003376 -1.53583 0.844328 0.587785 -0.0024413897266957535 0.008591489038215648 2.097599765181726e-05 0.999960111941699
13.65003395 -1.54277 0.83988 0.519146 -0.0026703192292458202 0.008848147446093132 2.3628393179960433e-05 0.9999572886250561
13.700034141 -1.54902 0.835807 0.45399 -0.00288300055782927 0.009059391752893829 2.6119405053820958e-05 0.9999548065195771
13.750034332 -1.5559 0.831251 0.379052 -0.0031236094932317565 0.009269058496206233 2.895429530251224e-05 0.9999521622302403
13.800034523 -1.56241 0.82686 0.305279 -0.0033575708139685387 0.00944500228973122 3.171390768833317e-05 0.9999497575843116
13.850034713 -1.56856 0.82264 0.233445 -0.00358365146962029 0.009590293932885402 3.4370014094805406e-05 0.9999475899311406
13.900034904 -1.57533 0.817924 0.152554 -0.003837208690685903 0.009725686681447451 3.732158726530552e-05 0.9999453411964766
13.950035095 -1.58141 0.813608 0.0784585 -0.004069408163942801 0.009825105567056663 3.998468195949872e-05 0.9999434511595962
14.000035285 -1.5881 0.808786 -0.00392759 -0.0043284720201147014 0.00990921462466895 4.289422001889907e-05 0.9999415333231851
14.050035476 -1.59444 0.804142 -0.082374 -0.0045769305343537235 0.00996391116328028 4.560680532456547e-05 0.999939883257642
14.100035667 -1.60042 0.799685 -0.156435 -0.004813947680653027 0.009992805185493487 4.810777682180324e-05 0.9999384817674241
14.150035858 -1.60699 0.794706 -0.237263 -0.00507638935745919 0.009998528734442475 5.0759593575136166e-05 0.9999371265664007
14.200036048 -1.61291 0.790155 -0.309018 -0.005313669579100945 0.009979959209481255 5.3033595799176066e-05 0.9999360792055494
14.25003624 -1.6194 0.785074 -0.386309 -0.0055750793260658845 0.009933248799235878 5.538229330520435e-05 0.9999351208754655
14.30003643 -1.62555 0.780185 -0.457487 -0.0058225876563706485 0.009863306029955258 5.743377688253176e-05 0.9999344024799299
14.350036620000001 -1.63135 0.775496 -0.522499 -0.006055820643449924 0.009774031038521433 5.919370628951683e-05 0.9999338937538784
14.400036811 -1.63773 0.770263 -0.590958 -0.006310823002509685 0.009649714591059124 6.090162897525898e-05 0.9999335242599073
14.450037003 -1.64346 0.765483 -0.649449 -0.0065384276508244025 0.009514306581628178 6.221277764772405e-05 0.9999333592634694
14.500037193 -1.64975 0.760151 -0.709879 -0.006785947582589489 0.009339696672847729 6.33829774205925e-05 0.9999333562138543
14.550037383 -1.6557 0.755024 -0.762951 -0.007017123373061275 0.009149474398061162 6.4207230863776e-05 0.9999335193416912
14.600037575 -1.66131 0.750111 -0.809017 -0.007232071338870504 0.008947561656458549 6.471371198042387e-05 0.9999338148826145
14.650037766 -1.66748 0.744632 -0.854686 -0.007463767844998756 0.008700927487795716 6.494608124822626e-05 0.9999342887092763
14.700037954999999 -1.67301 0.739631 -0.891007 -0.007667571238239561 0.008457121365744369 6.484981047262533e-05 0.9999348385200428
14.750038146 -1.67909 0.734056 -0.925375 -0.007885813427387065 0.008165473548934892 6.439552798803218e-05 0.9999355654008625
14.800038338 -1.68483 0.7287 -0.952263 -0.008086267096561387 0.007866767175374583 6.361687715785351e-05 0.9999363590349859
14.850038528 -1.69025 0.72357 -0.97237 -0.008269568427420772 0.007564788561444958 6.256148810301921e-05 0.9999371901526264
14.900038718 -1.69619 0.717853 -0.988295 -0.008463558479852735 0.007211198704790188 6.103618903723582e-05 0.9999381795997534
14.95003891 -1.70153 0.712638 -0.996917 -0.008630878933931795 0.006874129150921871 5.9333392671262804e-05 0.9999391235103847
15.000039101 -1.70738 0.706829 -0.999992 -0.008806258211038415 0.006483568682884942 5.709938840045227e-05 0.9999402031344304
15.05003929 -1.71291 0.701251 -0.996601 -0.008963537760180853 0.006094978476979753 5.463578634754674e-05 0.9999412498664096
15.100039481 -1.71813 0.695913 -0.987688 -0.009103787762837103 0.005711698596408383 5.200108722126371e-05 0.9999422457255376
15.150039673 -1.72384 0.689967 -0.971446 -0.009248016935301499 0.0052731182525423866 4.876868383855552e-05 0.9999433313709128
15.200039864 -1.72897 0.684547 -0.951056 -0.009368437324752241 0.00486374861110961 4.556828698753555e-05 0.9999442855436667
15.250040053 -1.73459 0.678512 -0.922369 -0.009490047215478883 0.004398568709394465 4.174498775139919e-05 0.9999452933987477
15.300040244 -1.7399 0.672722 -0.889217 -0.009594378146088716 0.003944249237856998 3.784469268731108e-05 0.999946193218481
15.350040436 -1.74489 0.667183 -0.85264 -0.009682850174582506 0.003503500063168366 3.39257006116829e-05 0.9999469819708815
15.400040626 -1.75037 0.661017 -0.806702 -0.009768342282538523 0.003007200702683347 2.9376906864411556e-05 0.9999477663452238
15.450040816 -1.75528 0.6554 -0.760406 -0.009834366192312092 0.0025509890123034036 2.5088690286114958e-05 0.9999483871616975
15.500041008 -1.76066 0.649149 -0.704324 -0.009894650342171915 0.00204011007055008 2.0187200698103815e-05 0.999948965420257
15.550041199 -1.76574 0.643155 -0.646456 -0.009939515994606326 0.001548299376071377 1.5390193798109993e-05 0.9999494029561802
15.600041388 -1.77051 0.637424 -0.587785 -0.00997072288599518 0.0010774803118733737 1.0743803109760881e-05 0.9999497105675375
15.650041579 -1.77574 0.631048 -0.519146 -0.009992140762797558 0.0005543210423167315 5.539130422855847e-06 0.999949923664064
15.700041771 -1.78043 0.625243 -0.45399 -0.00999967001120748 7.962790008924575e-05 7.962920008924718e-07 0.9999499988792713
15.750041961 -1.78556 0.618785 -0.379052 -0.009994870490534229 -0.00044519802184969474 -4.449920218395845e-06 0.999949950923856
15.800042151 -1.7904 0.612597 -0.305279 -0.009977502215560076 -0.0009439132096011984 -9.41837209140211e-06 0.9999497779555194
15.850042343 -1.79494 0.606682 -0.233445 -0.009949474967160593 -0.0014155307066873745 -1.408440703147772e-05 0.9999495007864987
15.900042534 -1.79992 0.600106 -0.152554 -0.009905509299917912 -0.0019330198633818268 -1.914859864665304e-05 0.9999490706724271
15.950042724 -1.80438 0.594121 -0.0784584 -0.009854074188297993 -0.0023966910186706525 -2.3618310038540268e-05 0.9999485749895616
16.000041962 -1.80925 0.587467 0.00392768 -0.009784490812780969 -0.0029028202411323276 -2.8404102359480353e-05 0.9999479169360245
16.050041198 -1.81384 0.581094 0.0823741 -0.00970594813844505 -0.003377439352223105 -3.278299371237685e-05 0.9999471917851056
16.100040436 -1.81838 0.574684 0.160313 -0.009615646338071592 -0.003843618536234028 -3.6960885924178844e-05 0.9999463808096237
16.150039672 -1.82264 0.568562 0.233446 -0.00951918436649134 -0.0042776119621592435 -4.072151867913802e-05 0.9999455413204136
16.200038909 -1.82708 0.562083 0.309018 -0.009406623789317196 -0.00472399190298923 -4.443931790171217e-05 0.9999445971871662
16.250038147 -1.83169 0.555244 0.386309 -0.009276584140005708 -0.005179972311746933 -4.805512144630761e-05 0.9999435537394149
16.300037383 -1.83602 0.548694 0.457487 -0.009141774337896107 -0.005600992657747101 -5.120592429790666e-05 0.9999425255134632
16.350036621 -1.84031 0.542112 0.525843 -0.008996605687681852 -0.006007997120203339 -5.4054774090074485e-05 0.999941479298957
16.400035857 -1.84433 0.535827 0.587786 -0.008849435723453501 -0.006380766916453515 -5.646967271066894e-05 0.9999404832274101
16.450035095 -1.84851 0.529179 0.649449 -0.008685156110000812 -0.006757596973336299 -5.8694373711345755e-05 0.9999394478632103
16.500034331 -1.85285 0.522164 0.709879 -0.008502756656627631 -0.0071350671944173565 -6.0671476143344434e-05 0.9999383931860235
16.550033569 -1.85692 0.515449 0.762951 -0.008320056365543407 -0.007476306734119205 -6.220717282599306e-05 0.9999374368032454
16.600032806 -1.86094 0.508703 0.811319 -0.008129063706599542 -0.007798863556038571 -6.340142890907438e-05 0.9999365440599115
16.650032042 -1.86471 0.502265 0.852641 -0.007940371830430573 -0.008087231864285045 -6.421971480405852e-05 0.9999357694927311
16.700031281 -1.86863 0.495459 0.891007 -0.007734579640134396 -0.008371069610520523 -6.475089698734492e-05 0.9999350465238228
16.750030517 -1.87269 0.488279 0.925375 -0.00751115695484534 -0.008646566494530413 -6.494997366814245e-05 0.9999344053907672
16.800029755 -1.8765 0.481409 0.952263 -0.007291940570074583 -0.008886810694759488 -6.4806305066474e-05 0.9999339218264394
16.850028991 -1.88025 0.474511 0.973279 -0.007066992999535297 -0.009104833864482468 -6.4348027312066e-05 0.9999335755850716
16.900028229 -1.88377 0.46793 0.987688 -0.006848487366371365 -0.009290886427131535 -6.363277552961832e-05 0.9999333845304869
16.950027466 -1.88741 0.460974 0.996917 -0.006613997758888389 -0.009464086793153616 -6.259967878849189e-05 0.9999333388210184
17.000026702 -1.89118 0.453641 0.999992 -0.006363456994442466 -0.009620475456103105 -6.12235710831761e-05 0.9999334722835659
17.05002594 -1.89472 0.446627 0.996601 -0.0061213413458024776 -0.009744792142433277 -5.9655113115425925e-05 0.9999337801603311
17.100025176 -1.8982 0.439586 0.987066 -0.005876418409986909 -0.009844737336258217 -5.785558434571364e-05 0.999934270557343
17.150024414 -1.90146 0.432873 0.97237 -0.00564171051107271 -0.009916900898354744 -5.595190506858543e-05 0.9999349094176335
17.20002365 -1.90483 0.425779 0.951056 -0.0053931012602451795 -0.00996869232945681 -5.3765612563801574e-05 0.9999357663376853
17.250022888 -1.90831 0.418303 0.922369 -0.005131000663971427 -0.009996251293553766 -5.129410663765675e-05 0.9999368706042662
17.300022125 -1.91156 0.411156 0.889216 -0.00488104943588574 -0.0099968988446351 -4.879829436026739e-05 0.9999381155651651
17.350021361 -1.91477 0.403984 0.850581 -0.004631392101191717 -0.009972554524395365 -4.618952095547876e-05 0.9999395463425254
17.400020599 -1.91775 0.397148 0.809017 -0.004395049678851628 -0.0099263292746784 -4.362929681198652e-05 0.9999410730661646
17.450019835 -1.92085 0.389928 0.760405 -0.004147760622846549 -0.009853501479646476 -4.087230613757088e-05 0.9999428498440236
17.500019073 -1.92403 0.382321 0.704324 -0.0038904104131960646 -0.009750521035591748 -3.793560402909735e-05 0.999944893796979
17.55001831 -1.927 0.375051 0.646456 -0.0036481500015226103 -0.00962745000401816 -3.5124300014659645e-05 0.9999469995826571
17.600017548 -1.92992 0.367759 0.584603 -0.003409269153110905 -0.009480317645015026 -3.2322591970815615e-05 0.9999492483951444
17.650016784 -1.93264 0.360811 0.522498 -0.0031860015773619594 -0.00931860461356094 -2.969051469951828e-05 0.9999515049323713
17.700016021 -1.93544 0.353475 0.45399 -0.0029554100221116843 -0.009125660068276049 -2.6971300201792945e-05 0.9999539925185785
17.750015259 -1.93833 0.345749 0.379052 -0.002718800785996848 -0.00889853257253808 -2.4194406994527783e-05 0.9999567109155426
17.800014495 -1.94101 0.338368 0.305279 -0.002499289042670843 -0.008659406683095729 -2.164329170974071e-05 0.9999593830248884
17.850013733 -1.94364 0.330967 0.229624 -0.0022860297314484207 -0.008398649013367836 -1.920029774444303e-05 0.9999621174706396
17.900012969 -1.94609 0.323917 0.156434 -0.002089710511015376 -0.00813146198845825 -1.6993004155449457e-05 0.9999647554697227
17.950012207 -1.9486 0.316477 0.0784583 -0.0018901508404442085 -0.007830413481746283 -1.4801206581267532e-05 0.99996755537024
18.000011443 -1.95118 0.308643 -0.00392777 -0.0016889891577291781 -0.007493256263237639 -1.2656393688466815e-05 0.9999704986684196
18.05001068 -1.95357 0.301163 -0.0823742 -0.0015058795732207642 -0.007152947972792961 -1.0771796947180005e-05 0.9999732834009574
18.100009918 -1.95591 0.293665 -0.160313 -0.001331509961610855 -0.006794759804098335 -9.047479739149522e-06 0.9999760288305942
18.150009154 -1.95807 0.286524 -0.233446 -0.0011743304913565866 -0.006438732694057375 -7.561393163794489e-06 0.9999785815945578
18.200008392 -1.96029 0.278991 -0.309018 -0.001018219806013028 -0.006048288847705345 -6.15859882668955e-06 0.9999811905121911
18.250007628 -1.96256 0.271062 -0.386309 -0.0008650141540639456 -0.0056220710013228535 -4.8632508661726685e-06 0.9999838218971563
18.300006866 -1.96466 0.263494 -0.457487 -0.0007296918506482756 -0.005201728935321553 -3.7957092231025787e-06 0.9999862046749368
18.350006103 -1.9667 0.25591 -0.525844 -0.0006050417288368325 -0.004768377862943359 -2.8850987069776085e-06 0.9999884481672926
18.40000534 -1.96858 0.24869 -0.587786 -0.0004967937842620248 -0.004345638112860513 -2.1589090624708197e-06 0.9999904342562739
18.450004578 -1.97051 0.241075 -0.649449 -0.0003938278597732544 -0.00389007861489468 -1.5320294545040452e-06 0.9999923560581615
18.500003814 -1.97246 0.233063 -0.709879 -0.0002981069489853191 -0.0034012994179397527 -1.0139598264822833e-06 0.9999941711277613
18.550003052 -1.97426 0.225419 -0.762951 -0.00021898706741045837 -0.0029270609010327384 -6.409911973153526e-07 0.999995692172741
18.600002288 -1.976 0.21776 -0.811319 -0.00015181700026779084 -0.002445500004313631 -3.7126900065488335e-07 0.9999969982361
18.650001526 -1.9776 0.210472 -0.852641 -9.92262969994728e-05 -0.0019823399400555586 -1.9670099405191268e-07 0.9999980302391736
18.700000762 -1.97922 0.202787 -0.891007 -5.581320622838486e-05 -0.001489990166273053 -8.316120928024121e-08 0.999998888406722
18.75 -1.98086 0.194705 -0.925376 -2.3531111054735993e-05 -0.000969036455245915 -2.2802510712445125e-08 0.9999995302076484
18.799999237 -1.98221 0.187767 -0.949836 -6.773020917009316e-06 -0.0005203240704474451 -3.5241604771412977e-09 0.9999998646085214
18.849998473 -1.98373 0.179661 -0.97237 -4.930140000048612e-10 4.4407800000437876e-06 2.189370000021588e-15 0.9999999999901398
18.899997711 -1.98511 0.171929 -0.987688 -6.360160808647813e-06 0.0005042270641087741 3.206970407742773e-09 0.9999998728573323
18.949996947 -1.98643 0.164187 -0.996917 -2.5201287476748503e-05 0.0010027495017046566 2.527068744226164e-08 0.9999994969285392
18.999996185 -1.98763 0.156822 -0.999992 -5.4618804801210915e-05 0.001474050129574889 8.051090707723002e-08 0.999998912096097
19.049995421 -1.98883 0.149061 -0.997218 -9.763499398645141e-05 0.0019665398788765937 1.9200298817412436e-07 0.9999980615920204
19.099994659 -1.99002 0.140901 -0.987688 -0.00015598701298679668 0.002478340206335769 3.8659003218579576e-07 0.9999969167446222
19.149993896 -1.9911 0.133121 -0.97237 -0.00022397309053799616 0.0029594411963128025 6.628382679431196e-07 0.9999955957655725
19.199993133 -1.99211 0.125333 -0.951056 -0.00030389598158978037 0.0034331397920181195 1.0433299367943822e-06 0.9999940605802982
19.249992371 -1.99302 0.117927 -0.925375 -0.00039069883788077673 0.003875228391986471 1.5140593717459448e-06 0.9999924149434566
19.299991607 -1.99392 0.110125 -0.892782 -0.0004932977538513826 0.004331117838833323 2.136548933892234e-06 0.9999904989808973
19.349990845 -1.99479 0.101924 -0.85264 -0.000613144815485285 0.004798128556090991 2.9419891146621986e-06 0.9999883009280942
19.399990081 -1.99556 0.0941082 -0.809016 -0.0007385279649649985 0.005230629751864344 3.863019816742341e-06 0.9999860474382997
19.449989319 -1.99627 0.0862863 -0.760405 -0.0008745623009977826 0.005650061944579724 4.941411700683831e-06 0.9999836558358777
19.499988556 -1.99689 0.0788505 -0.709878 -0.001013349723250108 0.006035438351697471 6.116128329660712e-06 0.99998127309884
19.549987792 -1.99747 0.0710186 -0.652428 -0.0011691503892836386 0.006426392139749802 7.5135825017437986e-06 0.9999786670441483
19.59998703 -1.99803 0.0627904 -0.587785 -0.0013430402089116944 0.006819581060794924 9.15917142472132e-06 0.9999758444524005
19.649986266 -1.99849 0.0549501 -0.522498 -0.0015180198546667347 0.007176579312923543 1.0894498956974705e-05 0.9999730957361268
19.699985504 -1.99889 0.0471064 -0.45399 -0.0017016994740084329 0.007515647676929822 1.2789796046702154e-05 0.9999703090885291
19.74998474 -1.99921 0.0396521 -0.386308 -0.0018838506673735927 0.007820382770451521 1.4732905219284126e-05 0.9999676457509886
19.799983978 -1.99949 0.0318032 -0.312749 -0.002083160321962453 0.0081220712553052 1.6920202615098738e-05 0.9999648454505969
19.849983215 -1.99972 0.0235597 -0.233445 -0.0023002701596297514 0.008416990584106221 1.9362101343654096e-05 0.9999619306065487
19.899982451 -1.99988 0.0157072 -0.156434 -0.0025139694976472047 0.008676298266262702 2.1812895641248196e-05 0.9999591998163457
19.949981689 -1.99997 0.00785381 -0.0784582 -0.002733891278100206 0.00891394416728857 2.4370711393361356e-05 0.9999565325178956
19.999980926 -2.0 0.000392612 -0.00392611 -0.0029480597805731762 0.009119059321259957 2.688469799894699e-05 0.9999540744275037
20.049980164 -1.99997 -0.0074613 0.0745445 -0.003178491324136311 0.009312743879621199 2.9601912331940846e-05 0.9999515834272876
20.0999794 -1.99988 -0.0157074 0.156435 -0.0034253296858202313 0.009491049129457339 3.251169701794619e-05 0.9999490917178124
20.149978638 -1.99972 -0.0235599 0.233446 -0.0036644705414690527 0.009636551423914947 3.53147052181672e-05 0.9999468522459524
20.199977873999998 -1.99951 -0.0314108 0.309018 -0.0039069409511175105 0.009757982375512715 3.812590928148656e-05 0.9999447565703676
20.249977111 -1.99924 -0.0388675 0.379053 -0.004139820372834173 0.009850740887162365 4.078260367290049e-05 0.9999429099446625
20.299976349 -1.99891 -0.0467143 0.450489 -0.0043870494399368375 0.009924368733026968 4.354129444139498e-05 0.9999411276553014
20.349975585 -1.99849 -0.0549503 0.522499 -0.004648277937781102 0.009974985574575348 4.636937942812115e-05 0.9999394436251728
20.399974823 -1.99803 -0.0627906 0.587786 -0.004897979875712649 0.009997639746307622 4.897129875734218e-05 0.9999380253736537
20.449974059 -1.9975 -0.0706271 0.649449 -0.005147941066080537 0.009995312069916404 5.145851065647722e-05 0.9999367929243244
20.499973297 -1.99695 -0.0780677 0.704325 -0.005385061092642468 0.009969952022928396 5.3692210894284926e-05 0.9999357971104653
20.549972533000002 -1.9963 -0.0858952 0.75785 -0.005633720371638872 0.00991896065432274 5.588430368651233e-05 0.9999349340374227
20.59997177 -1.99556 -0.0941084 0.809018 -0.005893098636011498 0.009838737722772694 5.7984386579210455e-05 0.9999342314399542
20.649971008 -1.99479 -0.101925 0.852641 -0.0061378415122841385 0.009737132399102493 5.9768914726281456e-05 0.9999337536292973
20.699970244 -1.99396 -0.109734 0.891007 -0.006379747078451623 0.0096111755986477 6.132097191860685e-05 0.9999334579104152
20.749969482 -1.99311 -0.117148 0.92237 -0.006606367752844778 0.009469276779026604 6.256177871961825e-05 0.9999333401270936
20.799968718 -1.99216 -0.124944 0.949836 -0.006840997396821286 0.00929683646231019 6.36038757970591e-05 0.9999333805007004
20.849967957 -1.9911 -0.133121 0.97237 -0.007082402872261744 0.009090773686754617 6.438882611282713e-05 0.999933594477718
20.899967193 -1.99002 -0.140901 0.987688 -0.007306980361960448 0.008871220439447046 6.482610321124243e-05 0.9999339504670136
20.949966431 -1.98889 -0.148673 0.996917 -0.007525796667552572 0.008629496178830812 6.494807124078122e-05 0.9999344427740522
20.999965668 -1.98775 -0.156047 0.999992 -0.007727829807414855 0.008379879791165125 6.476249838605462e-05 0.999935024919367
21.049964904 -1.98649 -0.1638 0.997218 -0.007933852026366133 0.008096702067959273 6.424211640792502e-05 0.9999357446087425
21.099964142 -1.98511 -0.171929 0.987688 -0.008142263239381053 0.007777613094305816 6.333132519622479e-05 0.9999366021773214
21.149963378 -1.98373 -0.179661 0.97237 -0.008332705834878279 0.007453756274223191 6.211386895224313e-05 0.9999374998207546
21.199962616 -1.98229 -0.187381 0.951056 -0.008514826083914327 0.0071112867294213875 6.055517214984314e-05 0.9999384598852445
21.249961852 -1.98086 -0.194705 0.925375 -0.008679706398627108 0.0067694671912211625 5.8760575619135656e-05 0.9999394148934359
21.29996109 -1.9793 -0.202403 0.892782 -0.008844296024855284 0.0063931771265317 5.654647458470194e-05 0.9999404494316104
21.349960327 -1.9776 -0.210472 0.85264 -0.009006764048639097 0.00598088268847228 5.3871624215885164e-05 0.9999415505151182
21.399959563 -1.97592 -0.218143 0.809016 -0.009151243698195859 0.005572892252114327 5.10017206107889e-05 0.9999425959035533
21.449958801 -1.97417 -0.225801 0.760405 -0.00928533350637719 0.005150961945133738 4.7831118062242054e-05 0.9999436223958106
21.499958037 -1.97246 -0.233064 0.709877 -0.009402814082637045 0.004738192057290323 4.455481934539537e-05 0.9999445658307753
21.549957275 -1.9706 -0.240694 0.652428 -0.009515734646203896 0.004292172095719085 4.08453199433561e-05 0.9999455117609757
21.599956511 -1.96858 -0.24869 0.587784 -0.009622135783239753 0.003812318329307262 3.6684583923517743e-05 0.9999464382117065
21.64995575 -1.9666 -0.256289 0.522498 -0.009711647632930828 0.003345529184577191 3.2492392080464355e-05 0.9999472437221579
21.699954987 -1.96456 -0.263873 0.45399 -0.009789380365148516 0.0028703901070669074 2.8100701048169432e-05 0.9999479627014669
21.749954223 -1.96256 -0.271063 0.386308 -0.009852134369708037 0.0024123310699389663 2.376781054171501e-05 0.9999485564935457
21.799953461 -1.9604 -0.278614 0.312748 -0.009906359216831655 0.0019243098478695833 1.9063898492862865e-05 0.9999490790530996
21.849952697 -1.95807 -0.286525 0.233444 -0.009950104906267873 0.0014067306936406876 1.3997806902137309e-05 0.9999495069376046
21.899951935 -1.95579 -0.29404 0.156434 -0.009979072060118114 0.000910179187900901 9.08320187517122e-06 0.9999497935664663
21.949951171 -1.95345 -0.301538 0.0784581 -0.009995600418578983 0.0004113490172257839 4.111890172190836e-06 0.9999499581257717
21.999950409 -1.95118 -0.308644 0.00392602 -0.009999730005670776 -6.35106000360164e-05 -6.351210003601725e-07 0.9999499994329354
22.049949646 -1.94872 -0.316105 -0.0745446 -0.00999190078832994 -0.0005631880444337874 -5.627600444000199e-06 0.9999499211070506
22.099948882 -1.94609 -0.323918 -0.156435 -0.009970242933401601 -0.001086310319609507 -1.0831303186739012e-05 0.9999497057990513
22.14994812 -1.94351 -0.331338 -0.233446 -0.009936866254404677 -0.0015817594037727313 -1.5718594075044293e-05 0.9999493769200675
22.199947356 -1.94088 -0.338738 -0.309018 -0.009891170675994853 -0.002073260141693358 -2.0508001401583687e-05 0.999948931660225
22.249946594 -1.93833 -0.345749 -0.379053 -0.009836415999791211 -0.002535398968920668 -2.4940589857325393e-05 0.9999484066522583
22.29994583 -1.93558 -0.353108 -0.450489 -0.009767002403549056 -0.003015670742122533 -2.945560724869249e-05 0.9999477539240831
22.349945068 -1.93264 -0.360811 -0.522499 -0.009681290310903182 -0.0035118201127779473 -3.400070109189228e-05 0.9999469678878855
22.399944304999998 -1.92978 -0.368125 -0.587786 -0.009587668711623552 -0.003975359465797196 -3.8116494877962955e-05 0.9999461343712339
22.449943541 -1.92686 -0.375416 -0.649449 -0.00948256781733817 -0.004428968980556562 -4.200039033250797e-05 0.9999452301635828
22.49994278 -1.92403 -0.382321 -0.704325 -0.009372347026036386 -0.004849668461139189 -4.5455285576466064e-05 0.9999443172948104
22.549942016 -1.921 -0.389566 -0.75785 -0.009245677103932037 -0.005280658345913958 -4.882608470597036e-05 0.9999433132169613
22.599941254 -1.91775 -0.397148 -0.809018 -0.009101247932283126 -0.00571898870070022 -5.2052988174056704e-05 0.9999422271773017
22.64994049 -1.91461 -0.404344 -0.852641 -0.0089531884001197 -0.006121808906069992 -5.4812890205269976e-05 0.9999411786833733
22.699939728 -1.9114 -0.411514 -0.891007 -0.008795248833072228 -0.006509329136361337 -5.725459240362891e-05 0.9999401326691011
22.749938964000002 -1.90831 -0.418303 -0.92237 -0.008636408650321689 -0.0068624089275583335 -5.927019073738933e-05 0.9999391562681937
22.799938201 -1.90499 -0.425424 -0.949836 -0.008460358626736041 -0.00721734882849824 -6.106509008806942e-05 0.9999381623074006
22.849937439 -1.90146 -0.432873 -0.97237 -0.008266208561903193 -0.007570598682920506 -6.25839891120779e-05 0.9999371739620039
22.899936675 -1.89803 -0.439939 -0.987688 -0.008072917557845324 -0.007887637613894735 -6.368038073591876e-05 0.9999363024926691
22.949935913 -1.89454 -0.446979 -0.996917 -0.007871963817997837 -0.008184983969816402 -6.443603125225594e-05 0.9999355150189236
22.999935149 -1.89118 -0.453641 -0.999992 -0.007674391082277823 -0.00844851119144779 -6.484130914421878e-05 0.9999348589845809
23.049934387 -1.88759 -0.460626 -0.997218 -0.007459907915625538 -0.008705307567648157 -6.494498185370876e-05 0.9999342793917722
23.099933623 -1.88377 -0.46793 -0.987688 -0.007228101386832558 -0.008951521717499671 -6.470671241506872e-05 0.9999338081458805
23.14993286 -1.88006 -0.474856 -0.97237 -0.007001613477578499 -0.009163094551148205 -6.416063186745951e-05 0.9999335033503364
23.199932098 -1.87631 -0.481754 -0.951056 -0.006770117624220035 -0.009351746718270831 -6.331667778081521e-05 0.9999333508980079
23.249931334 -1.87269 -0.488279 -0.925375 -0.006546097667106711 -0.009509336611069879 -6.225317781426002e-05 0.9999333563553591
23.299930573 -1.86883 -0.495118 -0.892782 -0.006306532971585261 -0.00965204454796216 -6.0874928683754084e-05 0.9999335288395145
23.349929809 -1.86471 -0.502266 -0.85264 -0.0060514805945977935 -0.009775900960546606 -5.916260581311537e-05 0.9999339017499038
23.399929047 -1.86074 -0.509042 -0.809016 -0.005805867414804199 -0.009868825605678757 -5.7300874485469684e-05 0.9999344452435774
23.449928283 -1.85672 -0.515786 -0.760405 -0.005558249019332974 -0.009937088246754556 -5.5236390254393726e-05 0.9999351764230566
23.499927521 -1.85285 -0.522164 -0.709877 -0.005321709751331967 -0.00997892953371362 -5.310839751839891e-05 0.9999360467241037
23.549926758 -1.84872 -0.528846 -0.652428 -0.00507194925032146 -0.009998658522110659 -5.071589250374671e-05 0.9999371477994501
23.599925994 -1.84433 -0.535827 -0.587784 -0.004809512373962357 -0.009992484932263653 -4.8061923723236125e-05 0.9999385064328022
23.649925232 -1.84009 -0.542442 -0.522498 -0.004560050047980314 -0.009960990104808373 -4.54253004779597e-05 0.9999399894787484
23.699924468 -1.83581 -0.549023 -0.45399 -0.00431169150271239 -0.009904603451956227 -4.270811488464872e-05 0.9999416514998273
23.749923706 -1.83169 -0.555244 -0.386308 -0.004077328411749827 -0.009828096171641359 -4.007468438962526e-05 0.9999433895098659
23.799922942 -1.8273 -0.561759 -0.312748 -0.003832898551623347 -0.009723616325637459 -3.7271685915766096e-05 0.9999453778594639
23.84992218 -1.82264 -0.568562 -0.233444 -0.00357939132674695 -0.009587773553830291 -3.432021272122364e-05 0.9999476293565474
23.899921417 -1.81815 -0.575005 -0.156433 -0.003341580278399108 -0.009433820785965642 -3.152550262650335e-05 0.9999499166905581
23.949920653 -1.81361 -0.581413 -0.0784581 -0.003107918976157967 -0.009256286950700542 -2.8769190522562928e-05 0.999952329414279
23.999919891 -1.80925 -0.587468 -0.00392593 -0.0028903107986447065 -0.00906620250515434 -2.6205307240996337e-05 0.9999547236945011
24.049919127 -1.80461 -0.593805 0.0745447 -0.0026663991048222918 -0.008844007030842857 -2.3582592082726593e-05 0.9999573357108896
24.099918365 -1.79968 -0.60042 0.156436 -0.0024375696091339964 -0.008586938623078343 -2.0932096643523563e-05 0.9999601603442902
24.149917602 -1.79494 -0.606682 0.233446 -0.0022262002023126282 -0.00832010075611414 -1.8522901683324312e-05 0.9999629091253596
24.19991684 -1.79015 -0.612907 0.309018 -0.002021760615856353 -0.008032452446796534 -1.6240304947022363e-05 0.9999656953964734
24.249916077 -1.78556 -0.618786 0.379053 -0.0018344293424000587 -0.007740587225180831 -1.4199994909634508e-05 0.9999683584651001
24.299915313 -1.78068 -0.624936 0.450489 -0.001644959738306051 -0.007414508820437943 -1.2196898059615476e-05 0.9999711590837478
24.349914551 -1.7755 -0.631353 0.522499 -0.0014550498918373181 -0.007052189475767991 -1.0261499237200535e-05 0.9999740743341314
24.399913787 -1.77051 -0.637424 0.587786 -0.0012832502506235051 -0.006689041306394429 -8.583931676473504e-06 0.9999768047008051
24.449913025 -1.76548 -0.643456 0.649449 -0.0011207494745280196 -0.006309177041893991 -7.071126684648062e-06 0.999979468847818
24.499912261 -1.76066 -0.649149 0.704325 -0.0009753400781294836 -0.005933680475316663 -5.787460463603729e-06 0.9999819198965786
24.549911499 -1.75554 -0.655104 0.75785 -0.0008320926700233452 -0.005523967809402143 -4.596528177189818e-06 0.9999843965560414
24.599910735999998 -1.75011 -0.661312 0.809018 -0.0006929010955967571 -0.0050789407007208725 -3.5192504855367324e-06 0.9999868620358446
24.649909972 -1.74489 -0.667183 0.852641 -0.0005713649644031474 -0.004642069710792432 -2.65234983475482e-06 0.9999890623007418
24.69990921 -1.73963 -0.673013 0.891007 -0.00046089795363114263 -0.004193599578100923 -1.932839805545734e-06 0.9999911006045692
24.749908446 -1.73459 -0.678512 0.92237 -0.0003664580468254795 -0.0037578204801688685 -1.3770901759625917e-06 0.9999928722223401
24.799907684 -1.72924 -0.684261 0.949836 -0.00027834412544235445 -0.0032899614826988493 -9.157454127022996e-07 0.9999945493286339
24.84990692 -1.72357 -0.690251 0.97237 -0.00019852798242178421 -0.002789889752975457 -5.538719509586479e-07 0.9999960885424074
24.899906158 -1.71813 -0.695913 0.987689 -0.0001348109553702159 -0.0023064492364394183 -3.1093589706324747e-07 0.9999973310535859
24.949905395000002 -1.71264 -0.701532 0.996917 -8.32536712511114e-05 -0.0018172593724698686 -1.512939477556631e-07 0.9999983453160765
24.999904632 -1.70738 -0.706829 0.999992 -4.565579589031699e-05 -0.0013482898786343794 -6.155739445894278e-08 0.999999090014396
25.04990387 -1.70181 -0.712363 0.997218 -1.8154206582512082e-05 -0.0008513803087009693 -1.545610560421087e-08 0.9999996374111945
25.099903106 -1.69591 -0.718126 0.987688 -2.6797301435904253e-06 -0.000327354017540909 -8.772200470048822e-10 0.9999999464160875
25.149902344 -1.69025 -0.72357 0.97237 -7.446440110892631e-07 0.00017257900257005218 1.2851000191377518e-10 0.9999999851079671
25.19990158 -1.68455 -0.728969 0.951056 -1.1305102553939825e-05 0.0006720811518300973 7.597931716451515e-09 0.9999997740896366
25.249900818 -1.67909 -0.734056 0.925375 -3.288778869098556e-05 0.0011450696062487256 3.7658887050363845e-08 0.9999993438663279
25.299900054 -1.6733 -0.739367 0.892782 -6.771022351733195e-05 0.001640140569658882 1.1105503857199209e-07 0.9999986526771408
25.349899291 -1.66718 -0.744894 0.85264 -0.00011754003879597315 0.0021555307114674497 2.5336208362621535e-07 0.9999976699346371
25.399898529 -1.66131 -0.750111 0.809016 -0.00017750691175815657 0.0026408786871722264 4.6877676696273025e-07 0.9999964971158003
25.449897765 -1.6554 -0.755282 0.760405 -0.00024952797434591914 0.0031196296792694997 7.784379199684549e-07 0.999995102809926
25.499897003 -1.64975 -0.760151 0.709877 -0.0003289491370706166 0.0035672314864383715 1.1734404889637735e-06 0.9999935833100658
25.549896239 -1.64376 -0.765231 0.652428 -0.00042392908862457017 0.004029680842425636 1.7083103571311218e-06 0.9999917909464968
25.599895477 -1.63742 -0.770513 0.587784 -0.0005359631545993918 0.00450439129929856 2.414210696382768e-06 0.999989711551355
25.649894713 -1.63135 -0.775496 0.522498 -0.0006541022880514469 0.00494497217765083 3.2345614244256833e-06 0.9999875596285237
25.699893951 -1.62524 -0.78043 0.453989 -0.0007831027982133584 0.005373188615459315 4.2078289157443104e-06 0.9999852576719367
25.749893188 -1.6194 -0.785074 0.386308 -0.0009154220472801234 0.005767580297886542 5.279860272696562e-06 0.999982948352435
25.799892425 -1.61322 -0.789914 0.312748 -0.0010646495667585266 0.0061686474897712715 6.567587327429325e-06 0.9999804069252666
25.849891663 -1.60668 -0.794944 0.233444 -0.0012319204463499469 0.006573162381591026 8.097802933999447e-06 0.9999776376875402
25.899890899 -1.60042 -0.799685 0.156433 -0.0014008801041727225 0.006941580516192171 9.724600723144065e-06 0.999974925639519
25.949890137 -1.59412 -0.804376 0.078458 -0.0015788397446417056 0.0072926588205003565 1.1514298137701091e-05 0.9999721617334153
25.999889373 -1.5881 -0.808786 0.00392584 -0.0017558308652061744 0.007609303749573331 1.3361006583792105e-05 0.9999695072530986
26.049888611 -1.58173 -0.81338 -0.0745448 -0.001950030579852327 0.007924062356263561 1.545270459494677e-05 0.9999667026543082
26.099887848 -1.57501 -0.81815 -0.156436 -0.0021621304998456054 0.008233221903372523 1.78019041154794e-05 0.9999637688263445
26.149887084 -1.56856 -0.822641 -0.233446 -0.0023714099850786962 0.008506579946475192 2.017339987306563e-05 0.9999610062919201
26.199886322 -1.56208 -0.827081 -0.309018 -0.0025872592373310894 0.008758667418131418 2.2661893319756586e-05 0.9999582947663176
26.249885558 -1.5559 -0.831251 -0.379053 -0.0027979106063274377 0.008977891945574034 2.512050544379498e-05 0.9999557833023119
26.299884796 -1.54935 -0.835592 -0.450489 -0.0030250093196510877 0.009186757933824294 2.7791293749514637e-05 0.9999532248974679
26.349884032 -1.54244 -0.840094 -0.5225 -0.0032687611406828003 0.009381353273762709 3.066691070167445e-05 0.9999506510522312
26.39988327 -1.53583 -0.844328 -0.587786 -0.003505338866607265 0.009542646914544612 3.34519891838584e-05 0.999948323316473
26.449882507 -1.52918 -0.84851 -0.649449 -0.0037456695100453216 0.009680088733789848 3.626029525694905e-05 0.9999461307985714
26.499881743 -1.52283 -0.852435 -0.704325 -0.0039768792647116935 0.009788258190241313 3.892889280240667e-05 0.9999441848804256
26.549880981 -1.51612 -0.856515 -0.75785 -0.004222758768557594 0.009878257119299164 4.171588783479803e-05 0.9999422916034397
26.599880218 -1.50904 -0.860742 -0.809018 -0.00448299782408227 0.009946175172413696 4.45913783566322e-05 0.9999404853420101
26.649879456 -1.50227 -0.864713 -0.852641 -0.004732190254598626 0.00998539053722834 4.725560254241923e-05 0.9999389462018469
26.699878692 -1.49546 -0.868632 -0.891007 -0.004982042043012783 0.009999654100611953 4.9821820430701935e-05 0.9999375899500449
26.74987793 -1.48896 -0.872304 -0.92237 -0.0052194575216861225 0.009990035256510297 5.214587523998504e-05 0.9999364747917299
26.799877166 -1.4821 -0.876117 -0.949836 -0.005468817343330089 0.009955565163734905 5.4448773549597774e-05 0.9999354857535114
26.849876403 -1.47486 -0.880063 -0.97237 -0.005729391997183027 0.009892613448421695 5.6682319758635284e-05 0.999934651437149
26.899875641 -1.46793 -0.883766 -0.987689 -0.005975679700207764 0.009807299507980283 5.8609197059651285e-05 0.9999340501654144
26.949874877 -1.46097 -0.887414 -0.996917 -0.006219542276001538 0.009697483548731803 6.0317922072956073e-05 0.9999336340805768
26.999874115 -1.45434 -0.890828 -0.999992 -0.006448387382052591 0.009570686114446694 6.171967494274871e-05 0.9999334059576219
27.049873351 -1.44733 -0.894369 -0.997218 -0.006685747757986815 0.009413906843120018 6.294327889246406e-05 0.9999333353197054
27.099872589 -1.43994 -0.898028 -0.987688 -0.006930436954988389 0.00922397594728095 6.393037191104597e-05 0.9999334393384741
27.149871825 -1.43287 -0.901455 -0.97237 -0.007158532160570836 0.009019452722229373 6.457031948845742e-05 0.9999336982023423
27.199871062 -1.42578 -0.904827 -0.951056 -0.007381239251511445 0.008792379108415958 6.490289341857494e-05 0.999934101397493
27.2498703 -1.41902 -0.907979 -0.925375 -0.0075873029815572745 0.008556303362342138 6.492352551278238e-05 0.9999346070588612
27.299869536 -1.41187 -0.911242 -0.892782 -0.007797898008103981 0.008286947883181022 6.462498349218633e-05 0.9999352554235184
27.349868774 -1.40434 -0.914607 -0.85264 -0.008011489608375397 0.007981859609823798 6.395069687390642e-05 0.9999360488797412
27.39986801 -1.39715 -0.917755 -0.809016 -0.008207210853090533 0.007670830797337033 6.296010654432693e-05 0.9999368960625229
27.449867249 -1.38993 -0.920846 -0.760405 -0.008394911540677086 0.0073406313471901935 6.162771131023266e-05 0.9999378164862661
27.499866485 -1.38305 -0.923729 -0.709877 -0.008565372193639632 0.007009941795285224 6.004641537822217e-05 0.9999387439100405
27.549865722 -1.37578 -0.926709 -0.652428 -0.00873611209498098 0.006644771593462853 5.805291392149612e-05 0.9999397602073716
27.59986496 -1.36812 -0.929777 -0.587784 -0.00890532130184257 0.006243480912716002 5.5603508128512326e-05 0.9999408538215838
27.649864196 -1.36081 -0.932639 -0.522498 -0.009056480876446733 0.005845300565682703 5.294090512338997e-05 0.999941903229973
27.699863434 -1.35347 -0.935444 -0.453989 -0.009197510515083824 0.00543250030423374 4.996830279835119e-05 0.999942944000666
27.74986267 -1.34649 -0.938055 -0.386307 -0.009321760833516445 0.0050277504495623475 4.687010419094668e-05 0.9999439105888058
27.799861908 -1.33911 -0.940748 -0.312748 -0.009442021037734713 0.004589460504409221 4.333620476290869e-05 0.9999448901000504
27.849861144 -1.33134 -0.943512 -0.233444 -0.009556341325097376 0.004116940570861479 3.934500545564056e-05 0.999945861345909
27.899860382 -1.32392 -0.946085 -0.156433 -0.009653542721549406 0.0036563510308070583 3.5298609951466905e-05 0.9999467180925965
27.949859619 -1.31648 -0.9486 -0.0784579 -0.009739105171731618 0.00318661842019891 3.103648461332179e-05 0.9999474957347106
27.999858855 -1.30939 -0.950935 -0.00392576 -0.009809428516264908 0.0027329795866203915 2.681039594476628e-05 0.9999481512481521
28.049858093 -1.30191 -0.953336 0.0745448 -0.009871732524156062 0.0022488205750129543 2.220090567666825e-05 0.9999487443176949
28.099857329 -1.29404 -0.955793 0.156436 -0.009924027506586443 0.001734439564221772 1.7213495675106357e-05 0.999949251237352
28.149856567 -1.28652 -0.958073 0.233447 -0.00996123381829498 0.0012400804753420248 1.2353304735212758e-05 0.9999496167037001
28.199855803 -1.27899 -0.960294 0.309018 -0.009986021371369991 0.0007426171019828388 7.4161710184551e-06 0.9999498626779001
28.249855042 -1.27182 -0.962349 0.379054 -0.009998030175444034 0.00026829300470796813 2.682540047072838e-06 0.9999499824530171
28.299854279 -1.26425 -0.964454 0.450489 -0.009998490129791572 -0.0002316290030068032 -2.3160600300650464e-06 0.999949987019532
28.349853515 -1.25629 -0.9666 0.5225 -0.009985521420854626 -0.0007559021075584301 -7.548451074080278e-06 0.9999498577156342
28.399852753 -1.24869 -0.968583 0.587786 -0.009960403899688802 -0.0012532904906872194 -1.2483904887687747e-05 0.9999496085004325
28.449851989 -1.24107 -0.970507 0.649449 -0.009922867619171058 -0.0017475495807042101 -1.7341595839169198e-05 0.999949239921322
28.499851227 -1.23383 -0.972278 0.704325 -0.009875822136250932 -0.0022130704787119296 -2.1857004727914912e-05 0.9999487836998324
28.549850463 -1.22618 -0.974085 0.757851 -0.009814408054219462 -0.0026976794651646665 -2.6477494750636643e-05 0.999948198247245
28.599849701 -1.21814 -0.975917 0.809018 -0.00973698536417072 -0.003199238476825953 -3.115258516809247e-05 0.9999474760799578
28.649848938 -1.21047 -0.9776 0.852641 -0.00965110293157899 -0.003668741114401581 -3.5409310755785334e-05 0.9999466962602476
28.699848174 -1.20279 -0.979223 0.891007 -0.009553591551937572 -0.004129080670750408 -3.944960640840945e-05 0.9999458375633125
28.749847412 -1.19548 -0.980709 0.92237 -0.009450410378109111 -0.004556850182318705 -4.3066501723082504e-05 0.9999449599923917
28.799846648 -1.18777 -0.982214 0.949836 -0.009330960150431389 -0.004996010080544416 -4.662020075159913e-05 0.9999439838791547
28.849845886 -1.17966 -0.983729 0.97237 -0.009193880767020499 -0.0054436804541514745 -5.0051404175652696e-05 0.9999429165774717
28.899845122 -1.17193 -0.985109 0.987689 -0.009052591129295172 -0.005856100730538495 -5.301590661364316e-05 0.9999418752589554
28.94984436 -1.16419 -0.986429 0.996917 -0.008901161550073582 -0.006253881089068635 -5.5670109694551186e-05 0.999940825867431
28.999843597 -1.15682 -0.987627 0.999992 -0.008748271435342174 -0.006617321085713915 -5.789350949867597e-05 0.9999398359383265
29.049842833 -1.14906 -0.988828 0.997218 -0.008578201567044185 -0.006983731275770382 -5.9911510944483415e-05 0.9999388173336703
29.099842072 -1.1409 -0.990024 0.987688 -0.008390011751900066 -0.007349671534668894 -6.16677128767007e-05 0.9999377912051258
29.149841308 -1.13312 -0.9911 0.97237 -0.008202091045655719 -0.0076793709790159755 -6.299090803048916e-05 0.9999368725215515
29.199840546 -1.12533 -0.992115 0.951056 -0.008006169779678654 -0.007989869780127213 -6.39723982395471e-05 0.9999360275171838
29.249839782 -1.11793 -0.993022 0.925375 -0.007813077599076927 -0.008266367459783023 -6.458998015179401e-05 0.99993530727546
29.29983902 -1.11012 -0.993918 0.892782 -0.0076029826558845544 -0.008537262982248666 -6.491282267543818e-05 0.9999346507013047
29.349838256 -1.10192 -0.994792 0.852639 -0.007375379344506124 -0.008798719218005433 -6.489809423211994e-05 0.9999340888700884
29.399837493 -1.09411 -0.995562 0.809016 -0.007152522221582739 -0.009025192803236668 -6.455722005155682e-05 0.9999336894191941
29.449836731 -1.08629 -0.99627 0.760405 -0.006924286990429648 -0.009229105988663699 -6.390927222249003e-05 0.999933434610627
29.499835967 -1.07885 -0.996886 0.709877 -0.006703007742896022 -0.009401476834240453 -6.302237877847269e-05 0.999933336707466
29.549835205 -1.07102 -0.997475 0.652428 -0.006465937446552556 -0.009559996224685419 -6.181837558745743e-05 0.99993339488108
29.599834441 -1.06279 -0.998027 0.587784 -0.0062130822193600145 -0.009700723465171875 -6.027532153080126e-05 0.9999336428160037
29.649833679 -1.05495 -0.998489 0.522497 -0.005969149619353441 -0.0098098893744334 -5.8560596265650734e-05 0.9999340637647672
29.699832915 -1.04711 -0.99889 0.453989 -0.00572279188841471 -0.009894553265018247 -5.6628218686257214e-05 0.9999346700400783
29.749832152 -1.03965 -0.999214 0.386307 -0.005487077692251546 -0.00995206581437228 -5.46112770316556e-05 0.9999354205514447
29.79983139 -1.0318 -0.999494 0.312748 -0.005237777926905951 -0.009988356046643868 -5.232007929189697e-05 0.9999363957711457
29.849830626 -1.02356 -0.999722 0.233444 -0.004975381872284275 -0.009999593762943758 -4.9754918723256696e-05 0.9999376237136682
29.899829865 -1.01571 -0.999877 0.156433 -0.00472554007162619 -0.009984670151340134 -4.718580071520696e-05 0.9999389848436753
29.949829101 -1.00785 -0.999969 0.0784578 -0.004476382109717451 -0.009944804686983257 -4.451932098194169e-05 0.9999405287281277
29.999828339 -1.00039 -1.0 0.00392567 -0.00424087932448934 -0.009883888425639713 -4.191879332294331e-05 0.9999421592762792
30.049827575 -0.992539 -0.999972 -0.0745449 -0.0039948398384957425 -0.009795699603977316 -3.9134398417866e-05 0.9999440404259546
30.099826812 -0.984293 -0.999877 -0.156436 -0.0037392192993603852 -0.009676738186812387 -3.618539321972906e-05 0.9999461873657906
30.14982605 -0.97644 -0.999722 -0.233447 -0.00349898865762003 -0.009538656340513653 -3.337738719483245e-05 0.9999483836280417
