1.2E-05,-0.000224,5.8E-05,0.000237,0.000271,0.000136,1
4.7E-05,-0.000529,0.000122,0.000295,0.000423,0.000159,1
9.5E-05,-0.000801,0.0001,0.000466,0.000347,0.000227,1
0.000166,-0.001104,0.000115,0.000367,0.000454,0.000354,1
0.000269,-0.001487,0.000162,0.000542,0.000354,0.000277,1
0.000389,-0.001933,0.000255,0.000439,0.00029,0.000641,1
0.000484,-0.002466,0.000343,0.000375,0.000328,0.000515,1
0.000591,-0.002991,0.000434,0.000442,0.000233,0.000639,1
0.000697,-0.003585,0.000577,0.000553,0.000202,0.000911,0.999999
0.000836,-0.004309,0.000656,0.000525,1.4E-05,0.000813,1
-0.000706,-0.002701,-0.001162,0.000971,-0.000201,0.000754,0.999999
-0.000732,-0.003303,-0.001193,0.001067,-0.000219,0.00071,0.999999
-0.000751,-0.003879,-0.00129,0.001183,-0.000318,0.000679,0.999999
-0.000161,-0.002775,-0.001206,0.000838,-0.000282,-0.000198,1
-0.000113,-0.003212,-0.001254,0.000784,-0.000251,-0.000334,1
-1.1E-05,-0.003677,-0.001377,0.000818,-0.000319,-0.000422,1
0.001067,-0.003497,-0.000884,0.001008,0.000156,-0.00115,0.999999
0.001277,-0.003747,-0.000813,0.001008,0.000192,-0.001288,0.999999
0.001524,-0.00393,-0.000758,0.001054,0.000221,-0.001325,0.999999
0.001524,-0.00393,-0.000758,0.001054,0.000221,-0.001325,0.999999
0.001524,-0.00393,-0.000758,0.001054,0.000221,-0.001325,0.999999
0.001524,-0.00393,-0.000758,0.001054,0.000221,-0.001325,0.999999
0.001524,-0.00393,-0.000758,0.001054,0.000221,-0.001325,0.999999
0.001524,-0.00393,-0.000758,0.001054,0.000221,-0.001325,0.999999
0.016678,0.00358,-0.006049,0.000476,0.000133,-0.002324,0.999997
0.021378,0.005906,-0.007653,0.000546,0.000122,-0.002451,0.999997
0.025099,0.007855,-0.00894,0.000537,0.000124,-0.002547,0.999997
0.025099,0.007855,-0.00894,0.000537,0.000124,-0.002547,0.999997
0.025099,0.007855,-0.00894,0.000537,0.000124,-0.002547,0.999997
0.025099,0.007855,-0.00894,0.000537,0.000124,-0.002547,0.999997
0.020213,-0.00793,-0.035137,0.000493,-0.002527,0.001298,0.999996
0.022994,-0.005864,-0.038714,0.000594,-0.002608,0.001287,0.999996
0.025481,-0.004058,-0.042065,0.000639,-0.002861,0.001324,0.999995
0.01158,-0.031412,-0.052146,0.004694,-0.000773,0.004648,0.999978
0.007808,-0.017368,-0.007313,0.006507,0.004693,0.001762,0.999966
0.021246,-0.064398,-0.012975,0.009038,0.008333,0.006573,0.999903
0.038984,-0.10956,0.027274,0.013739,0.011003,0.004246,0.999836
0.058143,-0.030781,-0.003372,0.003457,0.007163,-0.002038,0.999966
0.058143,-0.030781,-0.003372,0.003457,0.007163,-0.002038,0.999966
0.058143,-0.030781,-0.003372,0.003457,0.007163,-0.002038,0.999966
0.058143,-0.030781,-0.003372,0.003457,0.007163,-0.002038,0.999966
-0.235166,-0.182491,0.31229,0.016515,0.007447,0.021728,0.9996
-0.235166,-0.182491,0.31229,0.016515,0.007447,0.021728,0.9996
-0.235166,-0.182491,0.31229,0.016515,0.007447,0.021728,0.9996
-0.48871,-0.355044,0.436421,0.013302,0.003995,0.026235,0.999559
-0.556323,-0.478039,0.47812,0.013092,-0.00098,0.024707,0.999609
-0.556323,-0.478039,0.47812,0.013092,-0.00098,0.024707,0.999609
-0.556323,-0.478039,0.47812,0.013092,-0.00098,0.024707,0.999609
-0.556323,-0.478039,0.47812,0.013092,-0.00098,0.024707,0.999609
-0.556323,-0.478039,0.47812,0.013092,-0.00098,0.024707,0.999609
-1.219935,-1.015562,0.893846,0.009056,-0.011481,0.017296,0.999743
-2.825981,-2.102828,2.016612,0.005954,0.010363,0.004915,0.999916
-2.825981,-2.102828,2.016612,0.005954,0.010363,0.004915,0.999916
-2.825981,-2.102828,2.016612,0.005954,0.010363,0.004915,0.999916
-2.825981,-2.102828,2.016612,0.005954,0.010363,0.004915,0.999916
-2.825981,-2.102828,2.016612,0.005954,0.010363,0.004915,0.999916
-2.825981,-2.102828,2.016612,0.005954,0.010363,0.004915,0.999916
-2.825981,-2.102828,2.016612,0.005954,0.010363,0.004915,0.999916
-2.825981,-2.102828,2.016612,0.005954,0.010363,0.004915,0.999916
-2.825981,-2.102828,2.016612,0.005954,0.010363,0.004915,0.999916
-2.825981,-2.102828,2.016612,0.005954,0.010363,0.004915,0.999916
-5.558403,-4.523495,4.613928,0.302631,-0.015646,-0.105155,0.94716
-5.638972,-4.604525,4.704029,0.312072,-0.015051,-0.108102,0.943768
-5.638972,-4.604525,4.704029,0.312072,-0.015051,-0.108102,0.943768
-5.831703,-4.794435,4.916392,0.337367,-0.014057,-0.118596,0.933767
-5.916149,-4.876195,5.008171,0.348894,-0.013757,-0.122689,0.928995
-5.916149,-4.876195,5.008171,0.348894,-0.013757,-0.122689,0.928995
-5.916149,-4.876195,5.008171,0.348894,-0.013757,-0.122689,0.928995
-5.916149,-4.876195,5.008171,0.348894,-0.013757,-0.122689,0.928995
-5.916149,-4.876195,5.008171,0.348894,-0.013757,-0.122689,0.928995
-5.916149,-4.876195,5.008171,0.348894,-0.013757,-0.122689,0.928995
-5.916149,-4.876195,5.008171,0.348894,-0.013757,-0.122689,0.928995
-5.916149,-4.876195,5.008171,0.348894,-0.013757,-0.122689,0.928995
-5.916149,-4.876195,5.008171,0.348894,-0.013757,-0.122689,0.928995
-5.916149,-4.876195,5.008171,0.348894,-0.013757,-0.122689,0.928995
-5.916149,-4.876195,5.008171,0.348894,-0.013757,-0.122689,0.928995
-5.916149,-4.876195,5.008171,0.348894,-0.013757,-0.122689,0.928995
-5.916149,-4.876195,5.008171,0.348894,-0.013757,-0.122689,0.928995
-5.916149,-4.876195,5.008171,0.348894,-0.013757,-0.122689,0.928995
-5.916149,-4.876195,5.008171,0.348894,-0.013757,-0.122689,0.928995
-8.365318,-6.829889,7.658909,0.538494,-0.025026,-0.256394,0.802285
-8.501769,-6.914359,7.799125,0.546277,-0.026819,-0.260459,0.795628
-8.501769,-6.914359,7.799125,0.546277,-0.026819,-0.260459,0.795628
-8.969428,-7.206138,8.26852,0.574914,-0.031679,-0.269001,0.77208
-9.10445,-7.291443,8.400584,0.582765,-0.031845,-0.272453,0.764944
-9.10445,-7.291443,8.400584,0.582765,-0.031845,-0.272453,0.764944
-9.10445,-7.291443,8.400584,0.582765,-0.031845,-0.272453,0.764944
-9.10445,-7.291443,8.400584,0.582765,-0.031845,-0.272453,0.764944
-9.10445,-7.291443,8.400584,0.582765,-0.031845,-0.272453,0.764944
-9.10445,-7.291443,8.400584,0.582765,-0.031845,-0.272453,0.764944
-9.10445,-7.291443,8.400584,0.582765,-0.031845,-0.272453,0.764944
-9.10445,-7.291443,8.400584,0.582765,-0.031845,-0.272453,0.764944
-9.10445,-7.291443,8.400584,0.582765,-0.031845,-0.272453,0.764944
-9.10445,-7.291443,8.400584,0.582765,-0.031845,-0.272453,0.764944
-9.10445,-7.291443,8.400584,0.582765,-0.031845,-0.272453,0.764944
-11.818388,-9.483187,10.435341,0.610695,-0.082513,-0.262485,0.742526
-11.932632,-9.602114,10.484406,0.610483,-0.081549,-0.264289,0.742167
-11.932632,-9.602114,10.484406,0.610483,-0.081549,-0.264289,0.742167
-11.932632,-9.602114,10.484406,0.610483,-0.081549,-0.264289,0.742167
-12.834847,-10.577563,10.741286,0.593696,-0.093017,-0.283031,0.747507
-12.887679,-10.634028,10.750249,0.593549,-0.093069,-0.282397,0.747857
-12.887679,-10.634028,10.750249,0.593549,-0.093069,-0.282397,0.747857
-13.355511,-11.153309,10.779825,0.593926,-0.097177,-0.269709,0.751708
-14.157723,-12.040543,10.68657,0.607845,-0.102605,-0.255446,0.744811
-14.157723,-12.040543,10.68657,0.607845,-0.102605,-0.255446,0.744811
-14.157723,-12.040543,10.68657,0.607845,-0.102605,-0.255446,0.744811
-14.157723,-12.040543,10.68657,0.607845,-0.102605,-0.255446,0.744811
-15.122078,-13.176161,10.419849,0.662158,-0.093097,-0.283275,0.687484
-15.122078,-13.176161,10.419849,0.662158,-0.093097,-0.283275,0.687484
-15.122078,-13.176161,10.419849,0.662158,-0.093097,-0.283275,0.687484
-15.122078,-13.176161,10.419849,0.662158,-0.093097,-0.283275,0.687484
-16.278153,-14.626054,9.913386,0.667156,-0.10423,-0.303523,0.672244
-16.278153,-14.626054,9.913386,0.667156,-0.10423,-0.303523,0.672244
-17.399777,-16.035162,9.295911,0.673963,-0.072319,-0.288161,0.676393
-17.54614,-16.21997,9.21014,0.675411,-0.068561,-0.285465,0.676483
-17.54614,-16.21997,9.21014,0.675411,-0.068561,-0.285465,0.676483
-17.54614,-16.21997,9.21014,0.675411,-0.068561,-0.285465,0.676483
-17.54614,-16.21997,9.21014,0.675411,-0.068561,-0.285465,0.676483
-17.54614,-16.21997,9.21014,0.675411,-0.068561,-0.285465,0.676483
-17.54614,-16.21997,9.21014,0.675411,-0.068561,-0.285465,0.676483
-17.54614,-16.21997,9.21014,0.675411,-0.068561,-0.285465,0.676483
-17.54614,-16.21997,9.21014,0.675411,-0.068561,-0.285465,0.676483
-17.54614,-16.21997,9.21014,0.675411,-0.068561,-0.285465,0.676483
-17.54614,-16.21997,9.21014,0.675411,-0.068561,-0.285465,0.676483
-17.54614,-16.21997,9.21014,0.675411,-0.068561,-0.285465,0.676483
-17.54614,-16.21997,9.21014,0.675411,-0.068561,-0.285465,0.676483
-17.54614,-16.21997,9.21014,0.675411,-0.068561,-0.285465,0.676483
-17.54614,-16.21997,9.21014,0.675411,-0.068561,-0.285465,0.676483
-17.54614,-16.21997,9.21014,0.675411,-0.068561,-0.285465,0.676483
-17.54614,-16.21997,9.21014,0.675411,-0.068561,-0.285465,0.676483
-17.54614,-16.21997,9.21014,0.675411,-0.068561,-0.285465,0.676483
-17.54614,-16.21997,9.21014,0.675411,-0.068561,-0.285465,0.676483
-24.663867,-22.500617,4.244365,0.635559,-0.163159,-0.365679,0.660093
-25.298049,-22.916992,3.730363,0.641171,-0.165405,-0.376327,0.648012
-28.430882,-24.864021,1.053783,0.705782,-0.151075,-0.406497,0.560187
-28.430882,-24.864021,1.053783,0.705782,-0.151075,-0.406497,0.560187
-28.430882,-24.864021,1.053783,0.705782,-0.151075,-0.406497,0.560187
-35.803999,-28.623047,-4.925486,0.732411,-0.083388,-0.408727,0.538111
-37.934792,-29.540467,-6.556979,0.741398,-0.075666,-0.41421,0.522526
-37.934792,-29.540467,-6.556979,0.741398,-0.075666,-0.41421,0.522526
-37.934792,-29.540467,-6.556979,0.741398,-0.075666,-0.41421,0.522526
-37.934792,-29.540467,-6.556979,0.741398,-0.075666,-0.41421,0.522526
-37.934792,-29.540467,-6.556979,0.741398,-0.075666,-0.41421,0.522526
-37.934792,-29.540467,-6.556979,0.741398,-0.075666,-0.41421,0.522526
-37.934792,-29.540467,-6.556979,0.741398,-0.075666,-0.41421,0.522526
-37.934792,-29.540467,-6.556979,0.741398,-0.075666,-0.41421,0.522526
-53.985189,-36.266502,-20.164835,0.664784,-0.119701,-0.465647,0.571757
-53.985189,-36.266502,-20.164835,0.664784,-0.119701,-0.465647,0.571757
-53.985189,-36.266502,-20.164835,0.664784,-0.119701,-0.465647,0.571757
-53.985189,-36.266502,-20.164835,0.664784,-0.119701,-0.465647,0.571757
-53.985189,-36.266502,-20.164835,0.664784,-0.119701,-0.465647,0.571757
-53.985189,-36.266502,-20.164835,0.664784,-0.119701,-0.465647,0.571757
-53.985189,-36.266502,-20.164835,0.664784,-0.119701,-0.465647,0.571757
-53.985189,-36.266502,-20.164835,0.664784,-0.119701,-0.465647,0.571757
-53.985189,-36.266502,-20.164835,0.664784,-0.119701,-0.465647,0.571757
-53.985189,-36.266502,-20.164835,0.664784,-0.119701,-0.465647,0.571757
-53.985189,-36.266502,-20.164835,0.664784,-0.119701,-0.465647,0.571757
-53.985189,-36.266502,-20.164835,0.664784,-0.119701,-0.465647,0.571757
-53.985189,-36.266502,-20.164835,0.664784,-0.119701,-0.465647,0.571757
-53.985189,-36.266502,-20.164835,0.664784,-0.119701,-0.465647,0.571757
-64.57988,-40.102763,-29.713213,0.673635,-0.181606,-0.495829,0.517097
-65.314176,-40.349384,-30.372986,0.673681,-0.185474,-0.49803,0.513537
-65.314176,-40.349384,-30.372986,0.673681,-0.185474,-0.49803,0.513537
-65.314176,-40.349384,-30.372986,0.673681,-0.185474,-0.49803,0.513537
-65.314176,-40.349384,-30.372986,0.673681,-0.185474,-0.49803,0.513537
-65.314176,-40.349384,-30.372986,0.673681,-0.185474,-0.49803,0.513537
-65.314176,-40.349384,-30.372986,0.673681,-0.185474,-0.49803,0.513537
-91.187742,-47.895049,-51.621943,0.636743,-0.217065,-0.42841,0.603246
-101.504025,-50.96725,-60.409908,0.548937,-0.219401,-0.375745,0.713686
-101.504025,-50.96725,-60.409908,0.548937,-0.219401,-0.375745,0.713686
-101.504025,-50.96725,-60.409908,0.548937,-0.219401,-0.375745,0.713686
-101.504025,-50.96725,-60.409908,0.548937,-0.219401,-0.375745,0.713686
-101.504025,-50.96725,-60.409908,0.548937,-0.219401,-0.375745,0.713686
-101.504025,-50.96725,-60.409908,0.548937,-0.219401,-0.375745,0.713686
-101.504025,-50.96725,-60.409908,0.548937,-0.219401,-0.375745,0.713686
-101.504025,-50.96725,-60.409908,0.548937,-0.219401,-0.375745,0.713686
-101.504025,-50.96725,-60.409908,0.548937,-0.219401,-0.375745,0.713686
-101.504025,-50.96725,-60.409908,0.548937,-0.219401,-0.375745,0.713686
-101.504025,-50.96725,-60.409908,0.548937,-0.219401,-0.375745,0.713686
-101.504025,-50.96725,-60.409908,0.548937,-0.219401,-0.375745,0.713686
-101.504025,-50.96725,-60.409908,0.548937,-0.219401,-0.375745,0.713686
-101.504025,-50.96725,-60.409908,0.548937,-0.219401,-0.375745,0.713686
-101.504025,-50.96725,-60.409908,0.548937,-0.219401,-0.375745,0.713686
-101.504025,-50.96725,-60.409908,0.548937,-0.219401,-0.375745,0.713686
-101.504025,-50.96725,-60.409908,0.548937,-0.219401,-0.375745,0.713686
-101.504025,-50.96725,-60.409908,0.548937,-0.219401,-0.375745,0.713686
-101.504025,-50.96725,-60.409908,0.548937,-0.219401,-0.375745,0.713686
-187.257535,-70.337308,-125.465133,0.219702,-0.295571,0.030967,0.929199
-188.986563,-70.672229,-126.65364,0.2147,-0.296295,0.035847,0.929962
-188.986563,-70.672229,-126.65364,0.2147,-0.296295,0.035847,0.929962
-188.986563,-70.672229,-126.65364,0.2147,-0.296295,0.035847,0.929962
-188.986563,-70.672229,-126.65364,0.2147,-0.296295,0.035847,0.929962
-188.986563,-70.672229,-126.65364,0.2147,-0.296295,0.035847,0.929962
-188.986563,-70.672229,-126.65364,0.2147,-0.296295,0.035847,0.929962
-188.986563,-70.672229,-126.65364,0.2147,-0.296295,0.035847,0.929962
-188.986563,-70.672229,-126.65364,0.2147,-0.296295,0.035847,0.929962
-188.986563,-70.672229,-126.65364,0.2147,-0.296295,0.035847,0.929962
-188.986563,-70.672229,-126.65364,0.2147,-0.296295,0.035847,0.929962
-188.986563,-70.672229,-126.65364,0.2147,-0.296295,0.035847,0.929962
-210.760016,-75.286594,-142.016251,0.159662,-0.189312,0.038482,0.968085
-212.55196,-75.695604,-143.313588,0.155246,-0.181222,0.040054,0.970285
-212.55196,-75.695604,-143.313588,0.155246,-0.181222,0.040054,0.970285
-212.55196,-75.695604,-143.313588,0.155246,-0.181222,0.040054,0.970285
-212.55196,-75.695604,-143.313588,0.155246,-0.181222,0.040054,0.970285
-212.55196,-75.695604,-143.313588,0.155246,-0.181222,0.040054,0.970285
-222.794938,-78.086545,-150.763543,0.134408,-0.180174,0.065146,0.972228
-224.617996,-78.521936,-152.095848,0.132121,-0.180155,0.070029,0.972206
-224.617996,-78.521936,-152.095848,0.132121,-0.180155,0.070029,0.972206
-224.617996,-78.521936,-152.095848,0.132121,-0.180155,0.070029,0.972206
-224.617996,-78.521936,-152.095848,0.132121,-0.180155,0.070029,0.972206
-282.012882,-94.323038,-195.982333,-0.21312,-0.22712,0.159499,0.93678
-282.012882,-94.323038,-195.982333,-0.21312,-0.22712,0.159499,0.93678
-282.012882,-94.323038,-195.982333,-0.21312,-0.22712,0.159499,0.93678
-282.012882,-94.323038,-195.982333,-0.21312,-0.22712,0.159499,0.93678
0.000000,0.000000,0.000000,0.000000,0.000000,0.000000,1.000000
0.000043,-0.000064,-0.000026,0.000059,0.000152,0.000024,1.000000
0.000094,-0.000084,-0.000151,0.000229,0.000076,0.000092,1.000000
0.000176,-0.000107,-0.000253,0.000431,0.000158,0.000173,1.000000
0.000269,-0.000236,-0.000326,0.000491,0.000087,0.000087,1.000000
0.000368,-0.000426,-0.000362,0.000202,0.000019,0.000506,1.000000
0.000447,-0.000666,-0.000424,0.000139,0.000057,0.000379,1.000000
0.000532,-0.000888,-0.000495,0.000206,-0.000038,0.000503,1.000000
0.000611,-0.001168,-0.000526,0.000317,-0.000069,0.000775,1.000000
0.000718,-0.001568,-0.000634,0.000288,-0.000257,0.000677,1.000000
0.000094,-0.000268,-0.000093,0.000226,-0.000305,0.000179,1.000000
0.000123,-0.000405,-0.000078,0.000257,-0.000345,0.000097,1.000000
0.000147,-0.000555,-0.000146,0.000267,-0.000400,0.000043,1.000000
0.000078,-0.001003,-0.000182,0.000335,-0.000439,0.000157,1.000000
0.000124,-0.001311,-0.000213,0.000262,-0.000401,0.000052,1.000000
0.000223,-0.001651,-0.000328,0.000276,-0.000460,-0.000005,1.000000
0.000300,-0.002092,-0.000499,0.000259,-0.000482,-0.000014,1.000000
0.000387,-0.002412,-0.000607,0.000243,-0.000474,-0.000093,1.000000
0.000505,-0.002744,-0.000774,0.000258,-0.000467,-0.000058,1.000000
-0.005158,-0.010019,-0.009528,0.001285,-0.002724,0.000381,0.999995
-0.005158,-0.010019,-0.009528,0.001285,-0.002724,0.000381,0.999995
-0.005158,-0.010019,-0.009528,0.001285,-0.002724,0.000381,0.999995
-0.005158,-0.010019,-0.009528,0.001285,-0.002724,0.000381,0.999995
-0.005158,-0.010019,-0.009528,0.001285,-0.002724,0.000381,0.999995
-0.005158,-0.010019,-0.009528,0.001285,-0.002724,0.000381,0.999995
-0.005158,-0.010019,-0.009528,0.001285,-0.002724,0.000381,0.999995
-0.008594,-0.024092,-0.018390,0.004826,-0.002195,-0.000203,0.999986
-0.009970,-0.027524,-0.020576,0.004927,-0.002178,-0.000234,0.999985
-0.001543,-0.012290,-0.000046,0.001449,0.000196,-0.000429,0.999999
-0.001543,-0.012290,-0.000046,0.001449,0.000196,-0.000429,0.999999
-0.001543,-0.012290,-0.000046,0.001449,0.000196,-0.000429,0.999999
-0.001543,-0.012290,-0.000046,0.001449,0.000196,-0.000429,0.999999
-0.013616,-0.024303,0.013400,0.000339,0.000458,0.000559,1.000000
-0.017066,-0.026614,0.018264,0.000403,0.000438,0.000383,1.000000
-0.021297,0.000353,0.043545,0.002093,0.004075,-0.003672,0.999983
-0.044092,0.022199,0.072188,0.002129,0.002836,-0.003236,0.999988
-0.054267,0.028457,0.084763,0.002085,0.003318,-0.003486,0.999986
-0.054267,0.028457,0.084763,0.002085,0.003318,-0.003486,0.999986
-0.024033,0.022051,0.096977,0.002335,0.001844,-0.003103,0.999991
-0.024033,0.022051,0.096977,0.002335,0.001844,-0.003103,0.999991
-0.024033,0.022051,0.096977,0.002335,0.001844,-0.003103,0.999991
-0.024033,0.022051,0.096977,0.002335,0.001844,-0.003103,0.999991
-0.024033,0.022051,0.096977,0.002335,0.001844,-0.003103,0.999991
-0.024033,0.022051,0.096977,0.002335,0.001844,-0.003103,0.999991
-0.024033,0.022051,0.096977,0.002335,0.001844,-0.003103,0.999991
-0.024033,0.022051,0.096977,0.002335,0.001844,-0.003103,0.999991
0.042396,-0.354036,0.291385,-0.003780,-0.119320,-0.023490,0.992571
0.072199,-0.466976,0.222039,-0.003084,-0.144203,-0.033403,0.988979
0.072199,-0.466976,0.222039,-0.003084,-0.144203,-0.033403,0.988979
0.072199,-0.466976,0.222039,-0.003084,-0.144203,-0.033403,0.988979
0.072199,-0.466976,0.222039,-0.003084,-0.144203,-0.033403,0.988979
1.098269,-0.424625,-3.641019,-0.005391,-0.146767,-0.030342,0.988691
1.098269,-0.424625,-3.641019,-0.005391,-0.146767,-0.030342,0.988691
1.098269,-0.424625,-3.641019,-0.005391,-0.146767,-0.030342,0.988691
1.098269,-0.424625,-3.641019,-0.005391,-0.146767,-0.030342,0.988691
1.098269,-0.424625,-3.641019,-0.005391,-0.146767,-0.030342,0.988691
1.098269,-0.424625,-3.641019,-0.005391,-0.146767,-0.030342,0.988691
1.098269,-0.424625,-3.641019,-0.005391,-0.146767,-0.030342,0.988691
1.098269,-0.424625,-3.641019,-0.005391,-0.146767,-0.030342,0.988691
1.098269,-0.424625,-3.641019,-0.005391,-0.146767,-0.030342,0.988691
1.098269,-0.424625,-3.641019,-0.005391,-0.146767,-0.030342,0.988691
3.198107,0.521742,-15.166025,0.182342,-0.063420,-0.094572,0.976619
3.333149,0.578992,-16.012930,0.194604,-0.061246,-0.100485,0.973797
3.333149,0.578992,-16.012930,0.194604,-0.061246,-0.100485,0.973797
3.333149,0.578992,-16.012930,0.194604,-0.061246,-0.100485,0.973797
3.333149,0.578992,-16.012930,0.194604,-0.061246,-0.100485,0.973797
3.333149,0.578992,-16.012930,0.194604,-0.061246,-0.100485,0.973797
3.333149,0.578992,-16.012930,0.194604,-0.061246,-0.100485,0.973797
3.333149,0.578992,-16.012930,0.194604,-0.061246,-0.100485,0.973797
3.333149,0.578992,-16.012930,0.194604,-0.061246,-0.100485,0.973797
4.739175,1.172187,-24.260016,0.412916,-0.062613,-0.181363,0.890330
5.024617,1.286540,-25.866243,0.448619,-0.061336,-0.188302,0.871505
5.105880,1.320855,-26.330518,0.457980,-0.061144,-0.193435,0.865505
5.105880,1.320855,-26.330518,0.457980,-0.061144,-0.193435,0.865505
5.105880,1.320855,-26.330518,0.457980,-0.061144,-0.193435,0.865505
5.105880,1.320855,-26.330518,0.457980,-0.061144,-0.193435,0.865505
5.105880,1.320855,-26.330518,0.457980,-0.061144,-0.193435,0.865505
5.105880,1.320855,-26.330518,0.457980,-0.061144,-0.193435,0.865505
6.048788,1.565126,-31.832653,0.554986,-0.081305,-0.230879,0.795031
6.205371,1.583237,-32.829125,0.569695,-0.088432,-0.238758,0.781423
6.281986,1.591088,-33.331307,0.576828,-0.089838,-0.243535,0.774525
6.281986,1.591088,-33.331307,0.576828,-0.089838,-0.243535,0.774525
6.281986,1.591088,-33.331307,0.576828,-0.089838,-0.243535,0.774525
6.281986,1.591088,-33.331307,0.576828,-0.089838,-0.243535,0.774525
6.281986,1.591088,-33.331307,0.576828,-0.089838,-0.243535,0.774525
6.281986,1.591088,-33.331307,0.576828,-0.089838,-0.243535,0.774525
6.281986,1.591088,-33.331307,0.576828,-0.089838,-0.243535,0.774525
6.281986,1.591088,-33.331307,0.576828,-0.089838,-0.243535,0.774525
6.281986,1.591088,-33.331307,0.576828,-0.089838,-0.243535,0.774525
6.281986,1.591088,-33.331307,0.576828,-0.089838,-0.243535,0.774525
6.281986,1.591088,-33.331307,0.576828,-0.089838,-0.243535,0.774525
6.281986,1.591088,-33.331307,0.576828,-0.089838,-0.243535,0.774525
7.705340,1.481628,-48.198475,0.518000,-0.104598,-0.294513,0.796240
7.705340,1.481628,-48.198475,0.518000,-0.104598,-0.294513,0.796240
7.705340,1.481628,-48.198475,0.518000,-0.104598,-0.294513,0.796240
7.759141,1.465113,-50.126124,0.521742,-0.092842,-0.275314,0.802102
7.773887,1.459674,-50.974304,0.522302,-0.092482,-0.269582,0.803724
7.773887,1.459674,-50.974304,0.522302,-0.092482,-0.269582,0.803724
7.773887,1.459674,-50.974304,0.522302,-0.092482,-0.269582,0.803724
7.734536,1.434998,-56.801499,0.583435,-0.141618,-0.287511,0.746248
7.712762,1.429405,-57.491170,0.590131,-0.145848,-0.290878,0.738826
7.690577,1.422666,-58.117411,0.597378,-0.146992,-0.293611,0.731660
7.690577,1.422666,-58.117411,0.597378,-0.146992,-0.293611,0.731660
7.690577,1.422666,-58.117411,0.597378,-0.146992,-0.293611,0.731660
7.690577,1.422666,-58.117411,0.597378,-0.146992,-0.293611,0.731660
7.690577,1.422666,-58.117411,0.597378,-0.146992,-0.293611,0.731660
7.690577,1.422666,-58.117411,0.597378,-0.146992,-0.293611,0.731660
7.690577,1.422666,-58.117411,0.597378,-0.146992,-0.293611,0.731660
7.690577,1.422666,-58.117411,0.597378,-0.146992,-0.293611,0.731660
7.690577,1.422666,-58.117411,0.597378,-0.146992,-0.293611,0.731660
7.690577,1.422666,-58.117411,0.597378,-0.146992,-0.293611,0.731660
7.690577,1.422666,-58.117411,0.597378,-0.146992,-0.293611,0.731660
7.690577,1.422666,-58.117411,0.597378,-0.146992,-0.293611,0.731660
7.690577,1.422666,-58.117411,0.597378,-0.146992,-0.293611,0.731660
7.690577,1.422666,-58.117411,0.597378,-0.146992,-0.293611,0.731660
7.690577,1.422666,-58.117411,0.597378,-0.146992,-0.293611,0.731660
7.415646,0.936372,-69.454748,0.619108,-0.071475,-0.272491,0.733039
7.249120,-0.165648,-82.600326,0.634790,-0.075339,-0.250916,0.726916
7.249120,-0.165648,-82.600326,0.634790,-0.075339,-0.250916,0.726916
6.674689,-5.568128,-127.658298,0.813763,0.108751,-0.303736,0.483433
6.674689,-5.568128,-127.658298,0.813763,0.108751,-0.303736,0.483433
6.674689,-5.568128,-127.658298,0.813763,0.108751,-0.303736,0.483433
6.674689,-5.568128,-127.658298,0.813763,0.108751,-0.303736,0.483433
6.674689,-5.568128,-127.658298,0.813763,0.108751,-0.303736,0.483433
6.674689,-5.568128,-127.658298,0.813763,0.108751,-0.303736,0.483433
6.674689,-5.568128,-127.658298,0.813763,0.108751,-0.303736,0.483433
6.674689,-5.568128,-127.658298,0.813763,0.108751,-0.303736,0.483433
6.674689,-5.568128,-127.658298,0.813763,0.108751,-0.303736,0.483433
6.674689,-5.568128,-127.658298,0.813763,0.108751,-0.303736,0.483433
6.674689,-5.568128,-127.658298,0.813763,0.108751,-0.303736,0.483433
6.674689,-5.568128,-127.658298,0.813763,0.108751,-0.303736,0.483433
6.674689,-5.568128,-127.658298,0.813763,0.108751,-0.303736,0.483433
6.674689,-5.568128,-127.658298,0.813763,0.108751,-0.303736,0.483433
6.674689,-5.568128,-127.658298,0.813763,0.108751,-0.303736,0.483433
6.674689,-5.568128,-127.658298,0.813763,0.108751,-0.303736,0.483433
6.674689,-5.568128,-127.658298,0.813763,0.108751,-0.303736,0.483433
6.674689,-5.568128,-127.658298,0.813763,0.108751,-0.303736,0.483433
6.674689,-5.568128,-127.658298,0.813763,0.108751,-0.303736,0.483433
6.378158,-5.887593,-149.543556,0.750687,0.096560,-0.412471,0.506964
6.378158,-5.887593,-149.543556,0.750687,0.096560,-0.412471,0.506964
5.102124,-4.280864,-162.216707,0.759979,0.060854,-0.433746,0.480201
4.027098,-2.710747,-169.930134,0.771641,0.058768,-0.456360,0.439150
2.677409,-0.606760,-178.051660,0.774071,0.054956,-0.444310,0.447640
2.677409,-0.606760,-178.051660,0.774071,0.054956,-0.444310,0.447640
2.677409,-0.606760,-178.051660,0.774071,0.054956,-0.444310,0.447640
-1.836306,6.748979,-201.192012,0.628663,-0.053095,-0.341403,0.696713
-1.836306,6.748979,-201.192012,0.628663,-0.053095,-0.341403,0.696713
-1.836306,6.748979,-201.192012,0.628663,-0.053095,-0.341403,0.696713
-1.836306,6.748979,-201.192012,0.628663,-0.053095,-0.341403,0.696713
-1.836306,6.748979,-201.192012,0.628663,-0.053095,-0.341403,0.696713
-1.836306,6.748979,-201.192012,0.628663,-0.053095,-0.341403,0.696713
-1.836306,6.748979,-201.192012,0.628663,-0.053095,-0.341403,0.696713
-1.836306,6.748979,-201.192012,0.628663,-0.053095,-0.341403,0.696713
-1.836306,6.748979,-201.192012,0.628663,-0.053095,-0.341403,0.696713
-1.836306,6.748979,-201.192012,0.628663,-0.053095,-0.341403,0.696713
-1.836306,6.748979,-201.192012,0.628663,-0.053095,-0.341403,0.696713
-1.836306,6.748979,-201.192012,0.628663,-0.053095,-0.341403,0.696713
-1.836306,6.748979,-201.192012,0.628663,-0.053095,-0.341403,0.696713
-1.836306,6.748979,-201.192012,0.628663,-0.053095,-0.341403,0.696713
-1.836306,6.748979,-201.192012,0.628663,-0.053095,-0.341403,0.696713
-1.836306,6.748979,-201.192012,0.628663,-0.053095,-0.341403,0.696713
-1.836306,6.748979,-201.192012,0.628663,-0.053095,-0.341403,0.696713
-1.836306,6.748979,-201.192012,0.628663,-0.053095,-0.341403,0.696713
-1.836306,6.748979,-201.192012,0.628663,-0.053095,-0.341403,0.696713
-1.836306,6.748979,-201.192012,0.628663,-0.053095,-0.341403,0.696713
-13.381972,27.196145,-255.679787,0.134879,-0.024517,-0.058881,0.988807
-14.642669,29.482862,-261.063519,0.103292,-0.013271,-0.070887,0.992033
-14.642669,29.482862,-261.063519,0.103292,-0.013271,-0.070887,0.992033
-14.642669,29.482862,-261.063519,0.103292,-0.013271,-0.070887,0.992033
-14.642669,29.482862,-261.063519,0.103292,-0.013271,-0.070887,0.992033
-19.836164,38.263884,-281.045517,-0.065903,-0.010962,-0.054527,0.996275
-19.836164,38.263884,-281.045517,-0.065903,-0.010962,-0.054527,0.996275
-19.836164,38.263884,-281.045517,-0.065903,-0.010962,-0.054527,0.996275
-19.836164,38.263884,-281.045517,-0.065903,-0.010962,-0.054527,0.996275
-22.279302,42.234098,-289.350803,-0.154722,-0.028269,0.002235,0.987551
-22.279302,42.234098,-289.350803,-0.154722,-0.028269,0.002235,0.987551
-23.476087,44.192931,-293.263488,-0.194073,-0.023181,0.010598,0.980656
-23.573014,44.352766,-293.580495,-0.196927,-0.022573,0.011397,0.980092
-23.573014,44.352766,-293.580495,-0.196927,-0.022573,0.011397,0.980092
-23.573014,44.352766,-293.580495,-0.196927,-0.022573,0.011397,0.980092
-23.573014,44.352766,-293.580495,-0.196927,-0.022573,0.011397,0.980092
-25.095023,46.896847,-298.544245,-0.240451,-0.058023,0.014492,0.968817
-25.420490,47.448594,-299.601192,-0.249721,-0.068418,0.016106,0.965763
-25.714326,47.947931,-300.553288,-0.258716,-0.079110,0.016108,0.962574
-25.714326,47.947931,-300.553288,-0.258716,-0.079110,0.016108,0.962574
-25.714326,47.947931,-300.553288,-0.258716,-0.079110,0.016108,0.962574
-25.714326,47.947931,-300.553288,-0.258716,-0.079110,0.016108,0.962574
-30.437208,56.729522,-316.763533,-0.254531,-0.107210,0.091395,0.956748
-32.994122,61.627870,-325.854740,-0.320705,-0.066998,0.069900,0.942217
-33.283674,62.175862,-326.874756,-0.327379,-0.064966,0.069992,0.940055
-33.283674,62.175862,-326.874756,-0.327379,-0.064966,0.069992,0.940055
-33.283674,62.175862,-326.874756,-0.327379,-0.064966,0.069992,0.940055
-33.283674,62.175862,-326.874756,-0.327379,-0.064966,0.069992,0.940055
-33.283674,62.175862,-326.874756,-0.327379,-0.064966,0.069992,0.940055
-33.283674,62.175862,-326.874756,-0.327379,-0.064966,0.069992,0.940055
-33.283674,62.175862,-326.874756,-0.327379,-0.064966,0.069992,0.940055
-33.283674,62.175862,-326.874756,-0.327379,-0.064966,0.069992,0.940055
-33.283674,62.175862,-326.874756,-0.327379,-0.064966,0.069992,0.940055
-33.283674,62.175862,-326.874756,-0.327379,-0.064966,0.069992,0.940055
-33.283674,62.175862,-326.874756,-0.327379,-0.064966,0.069992,0.940055
-33.283674,62.175862,-326.874756,-0.327379,-0.064966,0.069992,0.940055
-71.908582,129.544011,-442.146048,-0.768704,-0.242306,0.569700,0.160697
-71.908582,129.544011,-442.146048,-0.768704,-0.242306,0.569700,0.160697
-71.908582,129.544011,-442.146048,-0.768704,-0.242306,0.569700,0.160697
-71.908582,129.544011,-442.146048,-0.768704,-0.242306,0.569700,0.160697
-77.768989,138.354197,-455.997910,-0.797954,-0.171470,0.575297,0.053847
-78.494152,139.409248,-457.650238,-0.799960,-0.165271,0.575398,0.040826
-78.494152,139.409248,-457.650238,-0.799960,-0.165271,0.575398,0.040826
-78.494152,139.409248,-457.650238,-0.799960,-0.165271,0.575398,0.040826
-78.494152,139.409248,-457.650238,-0.799960,-0.165271,0.575398,0.040826
-78.494152,139.409248,-457.650238,-0.799960,-0.165271,0.575398,0.040826
-78.494152,139.409248,-457.650238,-0.799960,-0.165271,0.575398,0.040826
-78.494152,139.409248,-457.650238,-0.799960,-0.165271,0.575398,0.040826
-78.494152,139.409248,-457.650238,-0.799960,-0.165271,0.575398,0.040826
-78.494152,139.409248,-457.650238,-0.799960,-0.165271,0.575398,0.040826
-78.494152,139.409248,-457.650238,-0.799960,-0.165271,0.575398,0.040826
-78.494152,139.409248,-457.650238,-0.799960,-0.165271,0.575398,0.040826
-78.494152,139.409248,-457.650238,-0.799960,-0.165271,0.575398,0.040826
-90.539183,156.761288,-484.604586,-0.767007,-0.156813,0.618886,0.063958
-91.815444,158.563864,-487.398030,-0.765379,-0.157194,0.620623,0.065669
-102.025165,172.669305,-509.496916,-0.753612,-0.164470,0.632382,0.071494
-118.363868,193.673053,-543.247443,-0.747290,-0.143426,0.646909,0.049950
-118.363868,193.673053,-543.247443,-0.747290,-0.143426,0.646909,0.049950
-118.363868,193.673053,-543.247443,-0.747290,-0.143426,0.646909,0.049950
-118.363868,193.673053,-543.247443,-0.747290,-0.143426,0.646909,0.049950
-118.363868,193.673053,-543.247443,-0.747290,-0.143426,0.646909,0.049950
-118.363868,193.673053,-543.247443,-0.747290,-0.143426,0.646909,0.049950
-118.363868,193.673053,-543.247443,-0.747290,-0.143426,0.646909,0.049950
-118.363868,193.673053,-543.247443,-0.747290,-0.143426,0.646909,0.049950
-118.363868,193.673053,-543.247443,-0.747290,-0.143426,0.646909,0.049950
-118.363868,193.673053,-543.247443,-0.747290,-0.143426,0.646909,0.049950
-118.363868,193.673053,-543.247443,-0.747290,-0.143426,0.646909,0.049950
-118.363868,193.673053,-543.247443,-0.747290,-0.143426,0.646909,0.049950
-118.363868,193.673053,-543.247443,-0.747290,-0.143426,0.646909,0.049950
-118.363868,193.673053,-543.247443,-0.747290,-0.143426,0.646909,0.049950
-118.363868,193.673053,-543.247443,-0.747290,-0.143426,0.646909,0.049950
-118.363868,193.673053,-543.247443,-0.747290,-0.143426,0.646909,0.049950
-118.363868,193.673053,-543.247443,-0.747290,-0.143426,0.646909,0.049950
-118.363868,193.673053,-543.247443,-0.747290,-0.143426,0.646909,0.049950
-118.363868,193.673053,-543.247443,-0.747290,-0.143426,0.646909,0.049950
-118.363868,193.673053,-543.247443,-0.747290,-0.143426,0.646909,0.049950
-118.363868,193.673053,-543.247443,-0.747290,-0.143426,0.646909,0.049950
-118.363868,193.673053,-543.247443,-0.747290,-0.143426,0.646909,0.049950
-118.363868,193.673053,-543.247443,-0.747290,-0.143426,0.646909,0.049950
-118.363868,193.673053,-543.247443,-0.747290,-0.143426,0.646909,0.049950
-118.363868,193.673053,-543.247443,-0.747290,-0.143426,0.646909,0.049950
-118.363868,193.673053,-543.247443,-0.747290,-0.143426,0.646909,0.049950
-118.363868,193.673053,-543.247443,-0.747290,-0.143426,0.646909,0.049950
-251.038265,349.289711,-774.555971,-0.985749,-0.130600,0.025364,0.102953
-251.038265,349.289711,-774.555971,-0.985749,-0.130600,0.025364,0.102953
-251.038265,349.289711,-774.555971,-0.985749,-0.130600,0.025364,0.102953
-251.038265,349.289711,-774.555971,-0.985749,-0.130600,0.025364,0.102953
-251.038265,349.289711,-774.555971,-0.985749,-0.130600,0.025364,0.102953
-251.038265,349.289711,-774.555971,-0.985749,-0.130600,0.025364,0.102953
-251.038265,349.289711,-774.555971,-0.985749,-0.130600,0.025364,0.102953
-251.038265,349.289711,-774.555971,-0.985749,-0.130600,0.025364,0.102953
-251.038265,349.289711,-774.555971,-0.985749,-0.130600,0.025364,0.102953
-251.038265,349.289711,-774.555971,-0.985749,-0.130600,0.025364,0.102953
-270.967517,375.640601,-803.848145,-0.984601,-0.100255,0.036525,0.138475
-272.545261,377.769729,-806.070424,-0.984390,-0.098695,0.036950,0.140964
-274.122255,379.904866,-808.278093,-0.984283,-0.096999,0.037188,0.142809
-275.698131,382.045709,-810.470913,-0.984247,-0.094467,0.037869,0.144569
-277.116754,383.977616,-812.431723,-0.984377,-0.091005,0.039094,0.145575
-277.116754,383.977616,-812.431723,-0.984377,-0.091005,0.039094,0.145575
-277.116754,383.977616,-812.431723,-0.984377,-0.091005,0.039094,0.145575
-277.116754,383.977616,-812.431723,-0.984377,-0.091005,0.039094,0.145575
-277.116754,383.977616,-812.431723,-0.984377,-0.091005,0.039094,0.145575
-277.116754,383.977616,-812.431723,-0.984377,-0.091005,0.039094,0.145575
-286.708802,397.190601,-825.433778,-0.986693,-0.069317,0.037644,0.142178
-308.474112,428.088295,-853.073526,-0.983245,-0.068865,0.030521,0.165996
-308.474112,428.088295,-853.073526,-0.983245,-0.068865,0.030521,0.165996
-308.474112,428.088295,-853.073526,-0.983245,-0.068865,0.030521,0.165996
-308.474112,428.088295,-853.073526,-0.983245,-0.068865,0.030521,0.165996
-308.474112,428.088295,-853.073526,-0.983245,-0.068865,0.030521,0.165996
-308.474112,428.088295,-853.073526,-0.983245,-0.068865,0.030521,0.165996
-308.474112,428.088295,-853.073526,-0.983245,-0.068865,0.030521,0.165996
-308.474112,428.088295,-853.073526,-0.983245,-0.068865,0.030521,0.165996
-308.474112,428.088295,-853.073526,-0.983245,-0.068865,0.030521,0.165996
-308.474112,428.088295,-853.073526,-0.983245,-0.068865,0.030521,0.165996
-308.474112,428.088295,-853.073526,-0.983245,-0.068865,0.030521,0.165996
-308.474112,428.088295,-853.073526,-0.983245,-0.068865,0.030521,0.165996
-308.474112,428.088295,-853.073526,-0.983245,-0.068865,0.030521,0.165996
-308.474112,428.088295,-853.073526,-0.983245,-0.068865,0.030521,0.165996
-308.474112,428.088295,-853.073526,-0.983245,-0.068865,0.030521,0.165996
-308.474112,428.088295,-853.073526,-0.983245,-0.068865,0.030521,0.165996
-308.474112,428.088295,-853.073526,-0.983245,-0.068865,0.030521,0.165996
-308.474112,428.088295,-853.073526,-0.983245,-0.068865,0.030521,0.165996
-308.474112,428.088295,-853.073526,-0.983245,-0.068865,0.030521,0.165996
-308.474112,428.088295,-853.073526,-0.983245,-0.068865,0.030521,0.165996
-308.474112,428.088295,-853.073526,-0.983245,-0.068865,0.030521,0.165996
-308.474112,428.088295,-853.073526,-0.983245,-0.068865,0.030521,0.165996
-308.474112,428.088295,-853.073526,-0.983245,-0.068865,0.030521,0.165996
-308.474112,428.088295,-853.073526,-0.983245,-0.068865,0.030521,0.165996
-475.825989,678.062527,-958.513733,-0.657915,0.007324,-0.219547,0.720343
-476.609597,679.281196,-958.623003,-0.655712,0.008687,-0.221631,0.721697
-476.609597,679.281196,-958.623003,-0.655712,0.008687,-0.221631,0.721697
-481.715984,687.260319,-959.279439,-0.634740,0.018314,-0.238423,0.734795
-483.095016,689.426015,-959.440076,-0.628934,0.022007,-0.242377,0.738384
-483.095016,689.426015,-959.440076,-0.628934,0.022007,-0.242377,0.738384
-483.095016,689.426015,-959.440076,-0.628934,0.022007,-0.242377,0.738384
-483.095016,689.426015,-959.440076,-0.628934,0.022007,-0.242377,0.738384
-483.095016,689.426015,-959.440076,-0.628934,0.022007,-0.242377,0.738384
-493.637502,706.052032,-960.383642,-0.574703,0.063447,-0.262842,0.772402
-495.646557,709.234978,-960.507498,-0.563724,0.071449,-0.266385,0.778556
-496.854237,711.152280,-960.574213,-0.557206,0.076490,-0.269221,0.781787
-496.854237,711.152280,-960.574213,-0.557206,0.076490,-0.269221,0.781787
-501.689194,718.893027,-960.782257,-0.530999,0.093073,-0.279152,0.794640
-503.707081,722.150947,-960.841080,-0.519453,0.099193,-0.282801,0.800221
-504.313377,723.131259,-960.855564,-0.516071,0.101100,-0.283955,0.801760
-504.313377,723.131259,-960.855564,-0.516071,0.101100,-0.283955,0.801760
-509.790701,732.015643,-960.920872,-0.487932,0.120217,-0.294392,0.812898
-511.624941,735.001813,-960.916229,-0.478419,0.126437,-0.299067,0.815897
-524.185635,755.529053,-960.509670,-0.415739,0.148384,-0.316747,0.839532
-527.306005,760.660465,-960.314483,-0.405430,0.153544,-0.321313,0.841908
-527.306005,760.660465,-960.314483,-0.405430,0.153544,-0.321313,0.841908
-527.306005,760.660465,-960.314483,-0.405430,0.153544,-0.321313,0.841908
-527.306005,760.660465,-960.314483,-0.405430,0.153544,-0.321313,0.841908
-527.306005,760.660465,-960.314483,-0.405430,0.153544,-0.321313,0.841908
-527.306005,760.660465,-960.314483,-0.405430,0.153544,-0.321313,0.841908
-527.306005,760.660465,-960.314483,-0.405430,0.153544,-0.321313,0.841908
-527.306005,760.660465,-960.314483,-0.405430,0.153544,-0.321313,0.841908
-527.306005,760.660465,-960.314483,-0.405430,0.153544,-0.321313,0.841908
-527.306005,760.660465,-960.314483,-0.405430,0.153544,-0.321313,0.841908
-527.306005,760.660465,-960.314483,-0.405430,0.153544,-0.321313,0.841908
-527.306005,760.660465,-960.314483,-0.405430,0.153544,-0.321313,0.841908
-527.306005,760.660465,-960.314483,-0.405430,0.153544,-0.321313,0.841908
-527.306005,760.660465,-960.314483,-0.405430,0.153544,-0.321313,0.841908
-527.306005,760.660465,-960.314483,-0.405430,0.153544,-0.321313,0.841908
-527.306005,760.660465,-960.314483,-0.405430,0.153544,-0.321313,0.841908
-527.306005,760.660465,-960.314483,-0.405430,0.153544,-0.321313,0.841908
-638.317902,949.502030,-935.325727,0.338181,0.469926,-0.471357,0.665301
-638.317902,949.502030,-935.325727,0.338181,0.469926,-0.471357,0.665301
-638.317902,949.502030,-935.325727,0.338181,0.469926,-0.471357,0.665301
-648.841871,967.727947,-931.685222,0.388699,0.466533,-0.486534,0.628129
-659.329866,985.834044,-927.926743,0.406665,0.479520,-0.477639,0.613633
-661.190109,989.035206,-927.250099,0.408609,0.482350,-0.476904,0.610688
-661.190109,989.035206,-927.250099,0.408609,0.482350,-0.476904,0.610688
-661.190109,989.035206,-927.250099,0.408609,0.482350,-0.476904,0.610688
-661.190109,989.035206,-927.250099,0.408609,0.482350,-0.476904,0.610688
-661.190109,989.035206,-927.250099,0.408609,0.482350,-0.476904,0.610688
-675.487372,1013.625779,-921.929254,0.406773,0.489670,-0.469776,0.611613
-677.952520,1017.863315,-920.990539,0.406723,0.490466,-0.469984,0.610847
-677.952520,1017.863315,-920.990539,0.406723,0.490466,-0.469984,0.610847
-677.952520,1017.863315,-920.990539,0.406723,0.490466,-0.469984,0.610847
-677.952520,1017.863315,-920.990539,0.406723,0.490466,-0.469984,0.610847
-689.283180,1037.387130,-916.578845,0.399439,0.495271,-0.471353,0.610723
-692.072652,1042.203722,-915.468617,0.397493,0.495551,-0.471628,0.611551
-693.752600,1045.104328,-914.796202,0.395800,0.496311,-0.470603,0.612822
-693.752600,1045.104328,-914.796202,0.395800,0.496311,-0.470603,0.612822
-700.516324,1056.791451,-912.060107,0.400624,0.493475,-0.466286,0.615273
-703.355635,1061.700281,-910.898070,0.403854,0.491005,-0.464125,0.616770
-706.208295,1066.630414,-909.723088,0.408958,0.486793,-0.464198,0.616690
-708.786093,1071.086595,-908.654397,0.414657,0.481300,-0.464256,0.617152
-708.786093,1071.086595,-908.654397,0.414657,0.481300,-0.464256,0.617152
-731.013075,1109.400857,-899.187316,0.415774,0.538591,-0.420531,0.600171
-731.013075,1109.400857,-899.187316,0.415774,0.538591,-0.420531,0.600171
-731.013075,1109.400857,-899.187316,0.415774,0.538591,-0.420531,0.600171
-731.013075,1109.400857,-899.187316,0.415774,0.538591,-0.420531,0.600171
-731.013075,1109.400857,-899.187316,0.415774,0.538591,-0.420531,0.600171
-731.013075,1109.400857,-899.187316,0.415774,0.538591,-0.420531,0.600171
-731.013075,1109.400857,-899.187316,0.415774,0.538591,-0.420531,0.600171
-731.013075,1109.400857,-899.187316,0.415774,0.538591,-0.420531,0.600171
-731.013075,1109.400857,-899.187316,0.415774,0.538591,-0.420531,0.600171
-731.013075,1109.400857,-899.187316,0.415774,0.538591,-0.420531,0.600171
-731.013075,1109.400857,-899.187316,0.415774,0.538591,-0.420531,0.600171
-731.013075,1109.400857,-899.187316,0.415774,0.538591,-0.420531,0.600171
-731.013075,1109.400857,-899.187316,0.415774,0.538591,-0.420531,0.600171
-731.013075,1109.400857,-899.187316,0.415774,0.538591,-0.420531,0.600171
-1123.241694,1699.942849,-708.965104,0.314594,0.656645,-0.635718,0.256340
-1128.049574,1706.241616,-706.713736,0.314369,0.656511,-0.637118,0.253468
-1128.049574,1706.241616,-706.713736,0.314369,0.656511,-0.637118,0.253468
-1128.049574,1706.241616,-706.713736,0.314369,0.656511,-0.637118,0.253468
-1128.049574,1706.241616,-706.713736,0.314369,0.656511,-0.637118,0.253468
-1128.049574,1706.241616,-706.713736,0.314369,0.656511,-0.637118,0.253468
-1128.049574,1706.241616,-706.713736,0.314369,0.656511,-0.637118,0.253468
-1128.049574,1706.241616,-706.713736,0.314369,0.656511,-0.637118,0.253468
-1128.049574,1706.241616,-706.713736,0.314369,0.656511,-0.637118,0.253468
-1128.049574,1706.241616,-706.713736,0.314369,0.656511,-0.637118,0.253468
-1128.049574,1706.241616,-706.713736,0.314369,0.656511,-0.637118,0.253468
-1128.049574,1706.241616,-706.713736,0.314369,0.656511,-0.637118,0.253468
-1128.049574,1706.241616,-706.713736,0.314369,0.656511,-0.637118,0.253468
-1195.233473,1793.320677,-675.811962,0.256800,0.605991,-0.688258,0.305171
-1200.998861,1800.715623,-673.205575,0.250197,0.602333,-0.691380,0.310789
-1206.797052,1808.132449,-670.590168,0.243557,0.597335,-0.695998,0.315368
-1212.043848,1814.826326,-668.228236,0.238144,0.592291,-0.699348,0.321545
-1212.043848,1814.826326,-668.228236,0.238144,0.592291,-0.699348,0.321545
-1212.043848,1814.826326,-668.228236,0.238144,0.592291,-0.699348,0.321545
-1212.043848,1814.826326,-668.228236,0.238144,0.592291,-0.699348,0.321545
-1212.043848,1814.826326,-668.228236,0.238144,0.592291,-0.699348,0.321545
-1319.689083,1949.265437,-620.625867,0.219665,0.576877,-0.701993,0.355198
-1319.689083,1949.265437,-620.625867,0.219665,0.576877,-0.701993,0.355198
-1319.689083,1949.265437,-620.625867,0.219665,0.576877,-0.701993,0.355198
-1319.689083,1949.265437,-620.625867,0.219665,0.576877,-0.701993,0.355198
-1319.689083,1949.265437,-620.625867,0.219665,0.576877,-0.701993,0.355198
-1319.689083,1949.265437,-620.625867,0.219665,0.576877,-0.701993,0.355198
-1319.689083,1949.265437,-620.625867,0.219665,0.576877,-0.701993,0.355198
-1319.689083,1949.265437,-620.625867,0.219665,0.576877,-0.701993,0.355198
-1319.689083,1949.265437,-620.625867,0.219665,0.576877,-0.701993,0.355198
-1319.689083,1949.265437,-620.625867,0.219665,0.576877,-0.701993,0.355198
-1319.689083,1949.265437,-620.625867,0.219665,0.576877,-0.701993,0.355198
-1319.689083,1949.265437,-620.625867,0.219665,0.576877,-0.701993,0.355198
-1319.689083,1949.265437,-620.625867,0.219665,0.576877,-0.701993,0.355198
-1319.689083,1949.265437,-620.625867,0.219665,0.576877,-0.701993,0.355198
-1319.689083,1949.265437,-620.625867,0.219665,0.576877,-0.701993,0.355198
-1319.689083,1949.265437,-620.625867,0.219665,0.576877,-0.701993,0.355198
-1911.957390,2682.439000,-381.527304,0.346976,-0.427515,0.080994,0.830830
-1911.957390,2682.439000,-381.527304,0.346976,-0.427515,0.080994,0.830830
-1911.957390,2682.439000,-381.527304,0.346976,-0.427515,0.080994,0.830830
-1911.957390,2682.439000,-381.527304,0.346976,-0.427515,0.080994,0.830830
-1911.957390,2682.439000,-381.527304,0.346976,-0.427515,0.080994,0.830830
-1911.957390,2682.439000,-381.527304,0.346976,-0.427515,0.080994,0.830830
-1911.957390,2682.439000,-381.527304,0.346976,-0.427515,0.080994,0.830830
-1978.580208,2761.467365,-358.925341,0.345697,-0.418192,0.073509,0.836783
-1985.970502,2770.070038,-356.497547,0.344899,-0.419107,0.073208,0.836681
-1993.374601,2778.658754,-354.078390,0.344914,-0.420007,0.073848,0.836166
-1994.857153,2780.374877,-353.595533,0.344995,-0.419665,0.073846,0.836305
-1994.857153,2780.374877,-353.595533,0.344995,-0.419665,0.073846,0.836305
-1994.857153,2780.374877,-353.595533,0.344995,-0.419665,0.073846,0.836305
-2098.501457,2897.324844,-321.350337,0.306498,-0.377021,0.104807,0.867715
-2110.681342,2910.705913,-317.739565,0.304131,-0.375691,0.107851,0.868751
-2152.043140,2955.630971,-305.678087,0.313644,-0.368780,0.118636,0.866922
-2182.924739,2988.657245,-296.870637,0.316376,-0.368945,0.122211,0.865361
-2186.798753,2992.769326,-295.778640,0.316612,-0.369053,0.122120,0.865242
-2186.798753,2992.769326,-295.778640,0.316612,-0.369053,0.122120,0.865242
-2186.798753,2992.769326,-295.778640,0.316612,-0.369053,0.122120,0.865242
-2186.798753,2992.769326,-295.778640,0.316612,-0.369053,0.122120,0.865242
-2186.798753,2992.769326,-295.778640,0.316612,-0.369053,0.122120,0.865242
-2186.798753,2992.769326,-295.778640,0.316612,-0.369053,0.122120,0.865242
-2186.798753,2992.769326,-295.778640,0.316612,-0.369053,0.122120,0.865242
-2186.798753,2992.769326,-295.778640,0.316612,-0.369053,0.122120,0.865242
-2186.798753,2992.769326,-295.778640,0.316612,-0.369053,0.122120,0.865242
0.000000,0.000000,0.000000,-0.010821,0.829604,0.000000,0.558248
-0.000054,-0.000224,-0.000013,-0.010801,0.829753,0.000275,0.558025
-0.000117,-0.000498,-0.000017,-0.010772,0.829863,0.000341,0.557863
-0.000116,-0.000774,0.000038,-0.010735,0.829782,0.000513,0.557985
-0.000149,-0.001108,0.000097,-0.010910,0.829853,0.000507,0.557875
-0.000225,-0.001493,0.000170,-0.010748,0.829798,0.000608,0.557960
-0.000348,-0.001943,0.000241,-0.011108,0.829758,0.000725,0.558012
-0.000456,-0.002478,0.000289,-0.011039,0.829781,0.000602,0.557979
-0.000571,-0.003006,0.000348,-0.011104,0.829726,0.000726,0.558059
-0.000751,-0.003701,0.000396,-0.011406,0.829690,0.000882,0.558108
-0.000862,-0.004436,0.000489,-0.011299,0.829559,0.000794,0.558304
-0.000648,0.000457,0.000476,-0.010334,0.829760,0.000067,0.558025
-0.000858,0.000486,0.000527,-0.010207,0.829754,0.000007,0.558036
-0.001019,0.000532,0.000604,-0.010116,0.829741,-0.000056,0.558058
-0.001671,0.000180,0.000909,-0.009936,0.830011,0.000149,0.557658
-0.000453,-0.001735,0.001116,-0.009515,0.830113,0.000421,0.557515
0.004160,-0.006685,-0.000659,-0.010293,0.829114,0.001968,0.558982
0.004666,-0.007776,-0.000614,-0.010257,0.829075,0.002047,0.559040
0.005155,-0.008893,-0.000565,-0.010199,0.829059,0.002080,0.559064
0.005707,-0.010048,-0.000477,-0.010199,0.829039,0.002207,0.559093
0.005707,-0.010048,-0.000477,-0.010199,0.829039,0.002207,0.559093
0.005707,-0.010048,-0.000477,-0.010199,0.829039,0.002207,0.559093
0.005707,-0.010048,-0.000477,-0.010199,0.829039,0.002207,0.559093
0.005707,-0.010048,-0.000477,-0.010199,0.829039,0.002207,0.559093
0.005707,-0.010048,-0.000477,-0.010199,0.829039,0.002207,0.559093
0.005707,-0.010048,-0.000477,-0.010199,0.829039,0.002207,0.559093
0.005707,-0.010048,-0.000477,-0.010199,0.829039,0.002207,0.559093
0.005707,-0.010048,-0.000477,-0.010199,0.829039,0.002207,0.559093
-0.009359,-0.014078,-0.002283,-0.006743,0.830991,0.000076,0.556245
-0.011625,-0.016526,-0.003347,-0.006616,0.831015,0.000018,0.556210
-0.005341,-0.005053,0.000766,-0.008247,0.829140,0.000352,0.558980
-0.005341,-0.005053,0.000766,-0.008247,0.829140,0.000352,0.558980
-0.005341,-0.005053,0.000766,-0.008247,0.829140,0.000352,0.558980
-0.005940,-0.003275,-0.001123,-0.006933,0.828208,0.000106,0.560378
-0.006857,-0.002247,-0.003353,-0.006797,0.827732,0.000102,0.561082
-0.003880,0.003043,0.000519,-0.005831,0.827625,0.001410,0.561249
0.035718,0.031138,0.078445,-0.003145,0.827743,-0.000045,0.561098
0.058812,0.016258,0.082060,-0.004868,0.826864,0.000830,0.562380
0.058812,0.016258,0.082060,-0.004868,0.826864,0.000830,0.562380
0.058812,0.016258,0.082060,-0.004868,0.826864,0.000830,0.562380
0.058812,0.016258,0.082060,-0.004868,0.826864,0.000830,0.562380
0.058812,0.016258,0.082060,-0.004868,0.826864,0.000830,0.562380
0.058812,0.016258,0.082060,-0.004868,0.826864,0.000830,0.562380
0.058812,0.016258,0.082060,-0.004868,0.826864,0.000830,0.562380
0.058812,0.016258,0.082060,-0.004868,0.826864,0.000830,0.562380
0.058812,0.016258,0.082060,-0.004868,0.826864,0.000830,0.562380
0.058812,0.016258,0.082060,-0.004868,0.826864,0.000830,0.562380
0.058812,0.016258,0.082060,-0.004868,0.826864,0.000830,0.562380
0.058812,0.016258,0.082060,-0.004868,0.826864,0.000830,0.562380
1.057448,-0.005999,3.496778,0.039006,0.728120,-0.036553,0.683362
1.795798,0.088964,4.484374,0.043665,0.706588,-0.036796,0.705318
1.795798,0.088964,4.484374,0.043665,0.706588,-0.036796,0.705318
3.929309,0.739594,5.815141,0.036075,0.728587,-0.045884,0.682462
6.777853,1.763536,6.702911,0.025413,0.796915,-0.042137,0.602083
6.777853,1.763536,6.702911,0.025413,0.796915,-0.042137,0.602083
6.777853,1.763536,6.702911,0.025413,0.796915,-0.042137,0.602083
6.777853,1.763536,6.702911,0.025413,0.796915,-0.042137,0.602083
6.777853,1.763536,6.702911,0.025413,0.796915,-0.042137,0.602083
9.262061,2.808709,7.298662,0.068561,0.787342,-0.050695,0.610591
9.262061,2.808709,7.298662,0.068561,0.787342,-0.050695,0.610591
9.262061,2.808709,7.298662,0.068561,0.787342,-0.050695,0.610591
16.692759,6.921470,8.906287,0.324094,0.767311,0.084851,0.546807
17.814658,7.638626,9.188357,0.357556,0.758407,0.106161,0.534511
17.814658,7.638626,9.188357,0.357556,0.758407,0.106161,0.534511
17.814658,7.638626,9.188357,0.357556,0.758407,0.106161,0.534511
17.814658,7.638626,9.188357,0.357556,0.758407,0.106161,0.534511
17.814658,7.638626,9.188357,0.357556,0.758407,0.106161,0.534511
17.814658,7.638626,9.188357,0.357556,0.758407,0.106161,0.534511
17.814658,7.638626,9.188357,0.357556,0.758407,0.106161,0.534511
17.814658,7.638626,9.188357,0.357556,0.758407,0.106161,0.534511
17.814658,7.638626,9.188357,0.357556,0.758407,0.106161,0.534511
17.814658,7.638626,9.188357,0.357556,0.758407,0.106161,0.534511
17.814658,7.638626,9.188357,0.357556,0.758407,0.106161,0.534511
17.814658,7.638626,9.188357,0.357556,0.758407,0.106161,0.534511
17.814658,7.638626,9.188357,0.357556,0.758407,0.106161,0.534511
17.814658,7.638626,9.188357,0.357556,0.758407,0.106161,0.534511
17.814658,7.638626,9.188357,0.357556,0.758407,0.106161,0.534511
28.540224,15.159742,13.013534,0.566791,0.663308,0.282770,0.398512
29.397954,15.818354,13.410179,0.581728,0.649942,0.293005,0.391556
29.397954,15.818354,13.410179,0.581728,0.649942,0.293005,0.391556
29.397954,15.818354,13.410179,0.581728,0.649942,0.293005,0.391556
29.397954,15.818354,13.410179,0.581728,0.649942,0.293005,0.391556
29.397954,15.818354,13.410179,0.581728,0.649942,0.293005,0.391556
29.397954,15.818354,13.410179,0.581728,0.649942,0.293005,0.391556
29.397954,15.818354,13.410179,0.581728,0.649942,0.293005,0.391556
29.397954,15.818354,13.410179,0.581728,0.649942,0.293005,0.391556
29.397954,15.818354,13.410179,0.581728,0.649942,0.293005,0.391556
29.397954,15.818354,13.410179,0.581728,0.649942,0.293005,0.391556
29.397954,15.818354,13.410179,0.581728,0.649942,0.293005,0.391556
29.397954,15.818354,13.410179,0.581728,0.649942,0.293005,0.391556
29.397954,15.818354,13.410179,0.581728,0.649942,0.293005,0.391556
29.397954,15.818354,13.410179,0.581728,0.649942,0.293005,0.391556
43.115008,28.752579,21.908856,0.501848,0.728173,0.301651,0.356257
43.474958,29.187551,22.211025,0.499431,0.729293,0.302363,0.356759
43.910832,29.724321,22.581399,0.497539,0.730823,0.303673,0.355156
44.264336,30.167670,22.885044,0.496773,0.730430,0.305774,0.355234
44.264336,30.167670,22.885044,0.496773,0.730430,0.305774,0.355234
44.264336,30.167670,22.885044,0.496773,0.730430,0.305774,0.355234
44.264336,30.167670,22.885044,0.496773,0.730430,0.305774,0.355234
44.264336,30.167670,22.885044,0.496773,0.730430,0.305774,0.355234
44.264336,30.167670,22.885044,0.496773,0.730430,0.305774,0.355234
44.264336,30.167670,22.885044,0.496773,0.730430,0.305774,0.355234
44.264336,30.167670,22.885044,0.496773,0.730430,0.305774,0.355234
47.225804,34.419185,25.644369,0.561125,0.690659,0.342327,0.301563
47.563711,34.979654,25.987823,0.568718,0.685498,0.344971,0.296054
47.563711,34.979654,25.987823,0.568718,0.685498,0.344971,0.296054
47.563711,34.979654,25.987823,0.568718,0.685498,0.344971,0.296054
49.115027,37.760449,27.660699,0.587099,0.680111,0.341345,0.276128
49.115027,37.760449,27.660699,0.587099,0.680111,0.341345,0.276128
49.115027,37.760449,27.660699,0.587099,0.680111,0.341345,0.276128
49.115027,37.760449,27.660699,0.587099,0.680111,0.341345,0.276128
49.115027,37.760449,27.660699,0.587099,0.680111,0.341345,0.276128
49.115027,37.760449,27.660699,0.587099,0.680111,0.341345,0.276128
53.957118,50.706660,33.607184,0.560583,0.696670,0.375119,0.244302
53.957118,50.706660,33.607184,0.560583,0.696670,0.375119,0.244302
53.957118,50.706660,33.607184,0.560583,0.696670,0.375119,0.244302
53.957118,50.706660,33.607184,0.560583,0.696670,0.375119,0.244302
53.957118,50.706660,33.607184,0.560583,0.696670,0.375119,0.244302
53.957118,50.706660,33.607184,0.560583,0.696670,0.375119,0.244302
53.957118,50.706660,33.607184,0.560583,0.696670,0.375119,0.244302
53.957118,50.706660,33.607184,0.560583,0.696670,0.375119,0.244302
53.957118,50.706660,33.607184,0.560583,0.696670,0.375119,0.244302
53.957118,50.706660,33.607184,0.560583,0.696670,0.375119,0.244302
53.957118,50.706660,33.607184,0.560583,0.696670,0.375119,0.244302
53.957118,50.706660,33.607184,0.560583,0.696670,0.375119,0.244302
53.957118,50.706660,33.607184,0.560583,0.696670,0.375119,0.244302
53.957118,50.706660,33.607184,0.560583,0.696670,0.375119,0.244302
53.957118,50.706660,33.607184,0.560583,0.696670,0.375119,0.244302
53.957118,50.706660,33.607184,0.560583,0.696670,0.375119,0.244302
53.957118,50.706660,33.607184,0.560583,0.696670,0.375119,0.244302
53.957118,50.706660,33.607184,0.560583,0.696670,0.375119,0.244302
53.957118,50.706660,33.607184,0.560583,0.696670,0.375119,0.244302
53.957118,50.706660,33.607184,0.560583,0.696670,0.375119,0.244302
53.957118,50.706660,33.607184,0.560583,0.696670,0.375119,0.244302
56.071030,151.487603,46.944173,0.688758,0.682364,-0.100270,0.223469
56.079274,152.290077,46.910648,0.688696,0.682215,-0.102084,0.223294
56.119189,155.534529,46.753758,0.688692,0.680804,-0.101947,0.227630
56.146655,157.383716,46.649225,0.688316,0.680705,-0.101178,0.229402
56.146655,157.383716,46.649225,0.688316,0.680705,-0.101178,0.229402
56.146655,157.383716,46.649225,0.688316,0.680705,-0.101178,0.229402
56.146655,157.383716,46.649225,0.688316,0.680705,-0.101178,0.229402
56.146655,157.383716,46.649225,0.688316,0.680705,-0.101178,0.229402
56.146655,157.383716,46.649225,0.688316,0.680705,-0.101178,0.229402
56.146655,157.383716,46.649225,0.688316,0.680705,-0.101178,0.229402
56.146655,157.383716,46.649225,0.688316,0.680705,-0.101178,0.229402
56.146655,157.383716,46.649225,0.688316,0.680705,-0.101178,0.229402
56.146655,157.383716,46.649225,0.688316,0.680705,-0.101178,0.229402
56.773679,179.182444,44.745259,0.733079,0.635460,-0.116732,0.212509
56.872515,181.445541,44.480216,0.737281,0.630837,-0.116795,0.211708
56.967886,183.500180,44.229009,0.741011,0.626687,-0.116525,0.211162
56.967886,183.500180,44.229009,0.741011,0.626687,-0.116525,0.211162
56.967886,183.500180,44.229009,0.741011,0.626687,-0.116525,0.211162
57.579492,195.162508,42.583569,0.748383,0.625703,-0.106401,0.192610
57.579492,195.162508,42.583569,0.748383,0.625703,-0.106401,0.192610
59.226219,220.102052,37.987591,0.727713,0.664708,-0.073758,0.152174
60.004886,230.296464,35.801545,0.722398,0.671684,-0.069811,0.148689
60.004886,230.296464,35.801545,0.722398,0.671684,-0.069811,0.148689
60.004886,230.296464,35.801545,0.722398,0.671684,-0.069811,0.148689
60.004886,230.296464,35.801545,0.722398,0.671684,-0.069811,0.148689
60.004886,230.296464,35.801545,0.722398,0.671684,-0.069811,0.148689
60.004886,230.296464,35.801545,0.722398,0.671684,-0.069811,0.148689
60.004886,230.296464,35.801545,0.722398,0.671684,-0.069811,0.148689
60.004886,230.296464,35.801545,0.722398,0.671684,-0.069811,0.148689
60.004886,230.296464,35.801545,0.722398,0.671684,-0.069811,0.148689
60.004886,230.296464,35.801545,0.722398,0.671684,-0.069811,0.148689
60.004886,230.296464,35.801545,0.722398,0.671684,-0.069811,0.148689
60.004886,230.296464,35.801545,0.722398,0.671684,-0.069811,0.148689
60.004886,230.296464,35.801545,0.722398,0.671684,-0.069811,0.148689
60.004886,230.296464,35.801545,0.722398,0.671684,-0.069811,0.148689
60.004886,230.296464,35.801545,0.722398,0.671684,-0.069811,0.148689
60.004886,230.296464,35.801545,0.722398,0.671684,-0.069811,0.148689
60.004886,230.296464,35.801545,0.722398,0.671684,-0.069811,0.148689
60.004886,230.296464,35.801545,0.722398,0.671684,-0.069811,0.148689
60.004886,230.296464,35.801545,0.722398,0.671684,-0.069811,0.148689
60.004886,230.296464,35.801545,0.722398,0.671684,-0.069811,0.148689
60.004886,230.296464,35.801545,0.722398,0.671684,-0.069811,0.148689
60.004886,230.296464,35.801545,0.722398,0.671684,-0.069811,0.148689
85.811368,465.813740,-32.111119,0.164601,0.594522,-0.592946,0.517558
86.229992,469.978284,-33.530644,0.155283,0.589374,-0.597413,0.521175
86.229992,469.978284,-33.530644,0.155283,0.589374,-0.597413,0.521175
86.229992,469.978284,-33.530644,0.155283,0.589374,-0.597413,0.521175
86.229992,469.978284,-33.530644,0.155283,0.589374,-0.597413,0.521175
86.229992,469.978284,-33.530644,0.155283,0.589374,-0.597413,0.521175
88.556823,493.896491,-41.835390,0.124330,0.577595,-0.602039,0.537099
88.960136,498.171265,-43.346972,0.120254,0.573289,-0.603848,0.540598
88.960136,498.171265,-43.346972,0.120254,0.573289,-0.603848,0.540598
88.960136,498.171265,-43.346972,0.120254,0.573289,-0.603848,0.540598
88.960136,498.171265,-43.346972,0.120254,0.573289,-0.603848,0.540598
88.960136,498.171265,-43.346972,0.120254,0.573289,-0.603848,0.540598
88.960136,498.171265,-43.346972,0.120254,0.573289,-0.603848,0.540598
88.960136,498.171265,-43.346972,0.120254,0.573289,-0.603848,0.540598
92.049209,532.476183,-55.805097,0.091954,0.556076,-0.637351,0.525460
92.468489,537.391858,-57.635929,0.088021,0.553469,-0.642862,0.522162
92.842103,541.834943,-59.298244,0.082037,0.552648,-0.646884,0.519029
92.842103,541.834943,-59.298244,0.082037,0.552648,-0.646884,0.519029
92.842103,541.834943,-59.298244,0.082037,0.552648,-0.646884,0.519029
92.842103,541.834943,-59.298244,0.082037,0.552648,-0.646884,0.519029
92.842103,541.834943,-59.298244,0.082037,0.552648,-0.646884,0.519029
98.323704,618.885173,-89.028951,0.028322,0.494379,-0.660122,0.564824
104.365378,729.752559,-135.069961,-0.001705,0.273785,-0.705268,0.653939
104.365378,729.752559,-135.069961,-0.001705,0.273785,-0.705268,0.653939
104.365378,729.752559,-135.069961,-0.001705,0.273785,-0.705268,0.653939
104.365378,729.752559,-135.069961,-0.001705,0.273785,-0.705268,0.653939
104.365378,729.752559,-135.069961,-0.001705,0.273785,-0.705268,0.653939
104.365378,729.752559,-135.069961,-0.001705,0.273785,-0.705268,0.653939
104.365378,729.752559,-135.069961,-0.001705,0.273785,-0.705268,0.653939
104.365378,729.752559,-135.069961,-0.001705,0.273785,-0.705268,0.653939
104.365378,729.752559,-135.069961,-0.001705,0.273785,-0.705268,0.653939
104.365378,729.752559,-135.069961,-0.001705,0.273785,-0.705268,0.653939
104.365378,729.752559,-135.069961,-0.001705,0.273785,-0.705268,0.653939
114.249679,943.560279,-234.469576,-0.215282,-0.099027,-0.647915,0.723915
114.249679,943.560279,-234.469576,-0.215282,-0.099027,-0.647915,0.723915
114.249679,943.560279,-234.469576,-0.215282,-0.099027,-0.647915,0.723915
114.249679,943.560279,-234.469576,-0.215282,-0.099027,-0.647915,0.723915
114.249679,943.560279,-234.469576,-0.215282,-0.099027,-0.647915,0.723915
114.249679,943.560279,-234.469576,-0.215282,-0.099027,-0.647915,0.723915
114.249679,943.560279,-234.469576,-0.215282,-0.099027,-0.647915,0.723915
114.249679,943.560279,-234.469576,-0.215282,-0.099027,-0.647915,0.723915
114.249679,943.560279,-234.469576,-0.215282,-0.099027,-0.647915,0.723915
114.249679,943.560279,-234.469576,-0.215282,-0.099027,-0.647915,0.723915
114.249679,943.560279,-234.469576,-0.215282,-0.099027,-0.647915,0.723915
114.249679,943.560279,-234.469576,-0.215282,-0.099027,-0.647915,0.723915
114.249679,943.560279,-234.469576,-0.215282,-0.099027,-0.647915,0.723915
114.249679,943.560279,-234.469576,-0.215282,-0.099027,-0.647915,0.723915
114.249679,943.560279,-234.469576,-0.215282,-0.099027,-0.647915,0.723915
118.710130,1055.960099,-292.582805,-0.224656,-0.142486,-0.688190,0.674997
118.927929,1062.426300,-296.057737,-0.225433,-0.144641,-0.690180,0.672243
118.927929,1062.426300,-296.057737,-0.225433,-0.144641,-0.690180,0.672243
118.927929,1062.426300,-296.057737,-0.225433,-0.144641,-0.690180,0.672243
118.927929,1062.426300,-296.057737,-0.225433,-0.144641,-0.690180,0.672243
120.270555,1106.086170,-319.853135,-0.227939,-0.129507,-0.698394,0.665971
122.817093,1209.137300,-378.104363,-0.183688,-0.142107,-0.687374,0.688173
122.817093,1209.137300,-378.104363,-0.183688,-0.142107,-0.687374,0.688173
122.817093,1209.137300,-378.104363,-0.183688,-0.142107,-0.687374,0.688173
122.817093,1209.137300,-378.104363,-0.183688,-0.142107,-0.687374,0.688173
122.817093,1209.137300,-378.104363,-0.183688,-0.142107,-0.687374,0.688173
122.817093,1209.137300,-378.104363,-0.183688,-0.142107,-0.687374,0.688173
122.817093,1209.137300,-378.104363,-0.183688,-0.142107,-0.687374,0.688173
122.817093,1209.137300,-378.104363,-0.183688,-0.142107,-0.687374,0.688173
122.817093,1209.137300,-378.104363,-0.183688,-0.142107,-0.687374,0.688173
122.817093,1209.137300,-378.104363,-0.183688,-0.142107,-0.687374,0.688173
122.817093,1209.137300,-378.104363,-0.183688,-0.142107,-0.687374,0.688173
122.817093,1209.137300,-378.104363,-0.183688,-0.142107,-0.687374,0.688173
122.817093,1209.137300,-378.104363,-0.183688,-0.142107,-0.687374,0.688173
122.817093,1209.137300,-378.104363,-0.183688,-0.142107,-0.687374,0.688173
122.817093,1209.137300,-378.104363,-0.183688,-0.142107,-0.687374,0.688173
122.817093,1209.137300,-378.104363,-0.183688,-0.142107,-0.687374,0.688173
123.989315,1836.513224,-782.928075,-0.273146,-0.163866,-0.710462,0.627522
123.989315,1836.513224,-782.928075,-0.273146,-0.163866,-0.710462,0.627522
123.989315,1836.513224,-782.928075,-0.273146,-0.163866,-0.710462,0.627522
123.989315,1836.513224,-782.928075,-0.273146,-0.163866,-0.710462,0.627522
123.094777,1883.806283,-815.941486,-0.271234,-0.173640,-0.706593,0.630085
122.921891,1892.222790,-821.841525,-0.271746,-0.175379,-0.705914,0.630144
122.921891,1892.222790,-821.841525,-0.271746,-0.175379,-0.705914,0.630144
122.921891,1892.222790,-821.841525,-0.271746,-0.175379,-0.705914,0.630144
122.921891,1892.222790,-821.841525,-0.271746,-0.175379,-0.705914,0.630144
122.921891,1892.222790,-821.841525,-0.271746,-0.175379,-0.705914,0.630144
122.921891,1892.222790,-821.841525,-0.271746,-0.175379,-0.705914,0.630144
122.921891,1892.222790,-821.841525,-0.271746,-0.175379,-0.705914,0.630144
122.921891,1892.222790,-821.841525,-0.271746,-0.175379,-0.705914,0.630144
122.921891,1892.222790,-821.841525,-0.271746,-0.175379,-0.705914,0.630144
122.921891,1892.222790,-821.841525,-0.271746,-0.175379,-0.705914,0.630144
122.921891,1892.222790,-821.841525,-0.271746,-0.175379,-0.705914,0.630144
122.921891,1892.222790,-821.841525,-0.271746,-0.175379,-0.705914,0.630144
122.921891,1892.222790,-821.841525,-0.271746,-0.175379,-0.705914,0.630144
122.921891,1892.222790,-821.841525,-0.271746,-0.175379,-0.705914,0.630144
122.921891,1892.222790,-821.841525,-0.271746,-0.175379,-0.705914,0.630144
122.921891,1892.222790,-821.841525,-0.271746,-0.175379,-0.705914,0.630144
111.007727,2203.757196,-1045.684709,-0.004452,-0.020074,-0.826208,0.562990
111.007727,2203.757196,-1045.684709,-0.004452,-0.020074,-0.826208,0.562990
111.007727,2203.757196,-1045.684709,-0.004452,-0.020074,-0.826208,0.562990
111.007727,2203.757196,-1045.684709,-0.004452,-0.020074,-0.826208,0.562990
111.007727,2203.757196,-1045.684709,-0.004452,-0.020074,-0.826208,0.562990
111.007727,2203.757196,-1045.684709,-0.004452,-0.020074,-0.826208,0.562990
111.007727,2203.757196,-1045.684709,-0.004452,-0.020074,-0.826208,0.562990
111.007727,2203.757196,-1045.684709,-0.004452,-0.020074,-0.826208,0.562990
111.007727,2203.757196,-1045.684709,-0.004452,-0.020074,-0.826208,0.562990
111.007727,2203.757196,-1045.684709,-0.004452,-0.020074,-0.826208,0.562990
111.007727,2203.757196,-1045.684709,-0.004452,-0.020074,-0.826208,0.562990
111.007727,2203.757196,-1045.684709,-0.004452,-0.020074,-0.826208,0.562990
0.000000,0.000000,0.000000,-0.017371,0.816431,0.000000,0.577182
0.000126,0.000089,-0.000086,-0.011656,0.815127,0.003196,0.579156
0.000821,0.000038,0.000156,-0.007108,0.813131,0.007728,0.581986
0.002386,-0.000054,0.001230,-0.002841,0.809566,0.012977,0.586879
0.003131,0.011157,0.002259,0.000471,0.806301,0.019193,0.591194
-0.009259,0.046536,0.014672,0.003101,0.801487,0.030075,0.597248
-0.014438,0.062512,0.012878,0.005708,0.797725,0.038960,0.601734
-0.011135,0.077279,0.015590,0.006356,0.793522,0.048925,0.606539
-0.007163,0.083910,0.015636,0.005631,0.790771,0.056990,0.609427
-0.073880,0.109249,0.024526,0.015258,0.792768,0.059528,0.606418
-0.073265,0.118492,-0.001875,0.018796,0.789847,0.059869,0.610086
-0.071235,0.123274,-0.005422,0.018684,0.787670,0.061351,0.612750
-0.066887,0.126115,-0.009778,0.017064,0.785561,0.063007,0.615331
-0.166419,0.104618,-0.037391,0.024493,0.783355,0.061117,0.618077
-0.187428,0.116230,-0.044727,0.026198,0.781935,0.059495,0.619961
-0.185053,0.114599,-0.054389,0.027083,0.780034,0.054055,0.622810
-0.179465,0.111751,-0.064808,0.027361,0.778070,0.048909,0.625673
-0.176434,0.116526,-0.073522,0.029063,0.776035,0.041311,0.628664
-0.185786,0.109226,-0.064561,0.030503,0.777284,0.037411,0.627295
-0.173670,0.105119,-0.075522,0.032508,0.776373,0.034340,0.628497
-0.180536,0.119390,-0.063519,0.036391,0.776496,0.030368,0.628337
-0.180536,0.119390,-0.063519,0.036391,0.776496,0.030368,0.628337
-0.180536,0.119390,-0.063519,0.036391,0.776496,0.030368,0.628337
-0.180536,0.119390,-0.063519,0.036391,0.776496,0.030368,0.628337
-0.180536,0.119390,-0.063519,0.036391,0.776496,0.030368,0.628337
-0.180536,0.119390,-0.063519,0.036391,0.776496,0.030368,0.628337
-0.180536,0.119390,-0.063519,0.036391,0.776496,0.030368,0.628337
-0.180536,0.119390,-0.063519,0.036391,0.776496,0.030368,0.628337
-0.180536,0.119390,-0.063519,0.036391,0.776496,0.030368,0.628337
-0.180536,0.119390,-0.063519,0.036391,0.776496,0.030368,0.628337
0.988258,0.168400,0.855303,0.241232,0.770973,0.146354,0.570954
1.084713,0.180956,0.940882,0.250867,0.767728,0.151043,0.569952
1.204949,0.197896,1.042105,0.262286,0.760130,0.157648,0.573197
1.305147,0.212961,1.122621,0.271286,0.754355,0.163819,0.574905
1.855191,0.333146,1.581567,0.320192,0.727282,0.194066,0.575218
2.059225,0.391273,1.751947,0.340671,0.718948,0.200110,0.571850
2.680310,0.549870,2.205333,0.391161,0.696272,0.216876,0.561394
2.801461,0.578992,2.284944,0.399124,0.691812,0.219940,0.560110
2.801461,0.578992,2.284944,0.399124,0.691812,0.219940,0.560110
3.090890,0.652596,2.454393,0.414107,0.680373,0.231116,0.558743
3.750650,0.809304,2.803442,0.444390,0.657962,0.256335,0.551268
3.750650,0.809304,2.803442,0.444390,0.657962,0.256335,0.551268
4.538163,0.998738,3.210057,0.472008,0.655708,0.259481,0.529079
4.721778,1.049313,3.300001,0.477656,0.655652,0.258771,0.524408
4.796295,1.069809,3.335870,0.479316,0.655957,0.258711,0.522538
5.101222,1.149137,3.476673,0.482476,0.657615,0.257420,0.518165
5.276950,1.193139,3.554079,0.483440,0.657591,0.257540,0.517236
5.276950,1.193139,3.554079,0.483440,0.657591,0.257540,0.517236
5.276950,1.193139,3.554079,0.483440,0.657591,0.257540,0.517236
5.276950,1.193139,3.554079,0.483440,0.657591,0.257540,0.517236
5.276950,1.193139,3.554079,0.483440,0.657591,0.257540,0.517236
5.276950,1.193139,3.554079,0.483440,0.657591,0.257540,0.517236
5.276950,1.193139,3.554079,0.483440,0.657591,0.257540,0.517236
5.276950,1.193139,3.554079,0.483440,0.657591,0.257540,0.517236
5.276950,1.193139,3.554079,0.483440,0.657591,0.257540,0.517236
5.276950,1.193139,3.554079,0.483440,0.657591,0.257540,0.517236
5.276950,1.193139,3.554079,0.483440,0.657591,0.257540,0.517236
5.276950,1.193139,3.554079,0.483440,0.657591,0.257540,0.517236
5.276950,1.193139,3.554079,0.483440,0.657591,0.257540,0.517236
5.276950,1.193139,3.554079,0.483440,0.657591,0.257540,0.517236
5.276950,1.193139,3.554079,0.483440,0.657591,0.257540,0.517236
5.276950,1.193139,3.554079,0.483440,0.657591,0.257540,0.517236
5.276950,1.193139,3.554079,0.483440,0.657591,0.257540,0.517236
5.276950,1.193139,3.554079,0.483440,0.657591,0.257540,0.517236
5.276950,1.193139,3.554079,0.483440,0.657591,0.257540,0.517236
5.276950,1.193139,3.554079,0.483440,0.657591,0.257540,0.517236
5.276950,1.193139,3.554079,0.483440,0.657591,0.257540,0.517236
17.506936,5.608015,9.402557,0.246018,0.761685,0.016103,0.599210
17.895369,5.801617,9.588506,0.239931,0.762103,0.011446,0.601250
17.895369,5.801617,9.588506,0.239931,0.762103,0.011446,0.601250
17.895369,5.801617,9.588506,0.239931,0.762103,0.011446,0.601250
17.895369,5.801617,9.588506,0.239931,0.762103,0.011446,0.601250
17.895369,5.801617,9.588506,0.239931,0.762103,0.011446,0.601250
17.895369,5.801617,9.588506,0.239931,0.762103,0.011446,0.601250
20.564066,7.271899,10.794009,0.237883,0.777257,0.000604,0.582480
20.961634,7.512714,10.964029,0.238305,0.779712,-0.001851,0.579013
20.961634,7.512714,10.964029,0.238305,0.779712,-0.001851,0.579013
20.961634,7.512714,10.964029,0.238305,0.779712,-0.001851,0.579013
20.961634,7.512714,10.964029,0.238305,0.779712,-0.001851,0.579013
20.961634,7.512714,10.964029,0.238305,0.779712,-0.001851,0.579013
20.961634,7.512714,10.964029,0.238305,0.779712,-0.001851,0.579013
23.692754,9.293474,12.038029,0.238752,0.767791,-0.007865,0.594502
24.102354,9.578448,12.185086,0.238704,0.765965,-0.007982,0.596871
24.102354,9.578448,12.185086,0.238704,0.765965,-0.007982,0.596871
24.102354,9.578448,12.185086,0.238704,0.765965,-0.007982,0.596871
25.524477,10.600085,12.638376,0.234860,0.753903,-0.011521,0.613464
25.941106,10.907400,12.752708,0.233611,0.751289,-0.011716,0.617134
28.752671,13.055558,13.344921,0.213211,0.745522,-0.015755,0.631260
32.484481,16.036771,13.897621,0.193073,0.721951,-0.043611,0.663029
46.855140,28.258555,13.590161,0.143470,0.719136,-0.089855,0.673933
46.855140,28.258555,13.590161,0.143470,0.719136,-0.089855,0.673933
46.855140,28.258555,13.590161,0.143470,0.719136,-0.089855,0.673933
46.855140,28.258555,13.590161,0.143470,0.719136,-0.089855,0.673933
46.855140,28.258555,13.590161,0.143470,0.719136,-0.089855,0.673933
46.855140,28.258555,13.590161,0.143470,0.719136,-0.089855,0.673933
46.855140,28.258555,13.590161,0.143470,0.719136,-0.089855,0.673933
46.855140,28.258555,13.590161,0.143470,0.719136,-0.089855,0.673933
46.855140,28.258555,13.590161,0.143470,0.719136,-0.089855,0.673933
46.855140,28.258555,13.590161,0.143470,0.719136,-0.089855,0.673933
46.855140,28.258555,13.590161,0.143470,0.719136,-0.089855,0.673933
76.481330,56.507396,11.923695,0.077416,0.746616,-0.195915,0.631021
76.481330,56.507396,11.923695,0.077416,0.746616,-0.195915,0.631021
76.481330,56.507396,11.923695,0.077416,0.746616,-0.195915,0.631021
76.481330,56.507396,11.923695,0.077416,0.746616,-0.195915,0.631021
76.481330,56.507396,11.923695,0.077416,0.746616,-0.195915,0.631021
76.481330,56.507396,11.923695,0.077416,0.746616,-0.195915,0.631021
76.481330,56.507396,11.923695,0.077416,0.746616,-0.195915,0.631021
76.481330,56.507396,11.923695,0.077416,0.746616,-0.195915,0.631021
76.481330,56.507396,11.923695,0.077416,0.746616,-0.195915,0.631021
76.481330,56.507396,11.923695,0.077416,0.746616,-0.195915,0.631021
76.481330,56.507396,11.923695,0.077416,0.746616,-0.195915,0.631021
76.481330,56.507396,11.923695,0.077416,0.746616,-0.195915,0.631021
76.481330,56.507396,11.923695,0.077416,0.746616,-0.195915,0.631021
76.481330,56.507396,11.923695,0.077416,0.746616,-0.195915,0.631021
76.481330,56.507396,11.923695,0.077416,0.746616,-0.195915,0.631021
76.481330,56.507396,11.923695,0.077416,0.746616,-0.195915,0.631021
91.916239,74.018864,10.758346,0.110680,0.708248,-0.327728,0.615410
92.746130,75.043546,10.629621,0.112548,0.705394,-0.333112,0.615458
92.746130,75.043546,10.629621,0.112548,0.705394,-0.333112,0.615458
92.746130,75.043546,10.629621,0.112548,0.705394,-0.333112,0.615458
92.746130,75.043546,10.629621,0.112548,0.705394,-0.333112,0.615458
100.373712,84.919083,9.462264,0.068416,0.712633,-0.274045,0.642162
101.241175,86.083425,9.335737,0.063785,0.713931,-0.268601,0.643496
111.097872,99.987805,7.734041,0.051392,0.706402,-0.302416,0.637887
111.987877,101.300018,7.571968,0.047640,0.706777,-0.303776,0.637116
111.987877,101.300018,7.571968,0.047640,0.706777,-0.303776,0.637116
111.987877,101.300018,7.571968,0.047640,0.706777,-0.303776,0.637116
111.987877,101.300018,7.571968,0.047640,0.706777,-0.303776,0.637116
111.987877,101.300018,7.571968,0.047640,0.706777,-0.303776,0.637116
111.987877,101.300018,7.571968,0.047640,0.706777,-0.303776,0.637116
111.987877,101.300018,7.571968,0.047640,0.706777,-0.303776,0.637116
111.987877,101.300018,7.571968,0.047640,0.706777,-0.303776,0.637116
111.987877,101.300018,7.571968,0.047640,0.706777,-0.303776,0.637116
111.987877,101.300018,7.571968,0.047640,0.706777,-0.303776,0.637116
111.987877,101.300018,7.571968,0.047640,0.706777,-0.303776,0.637116
111.987877,101.300018,7.571968,0.047640,0.706777,-0.303776,0.637116
111.987877,101.300018,7.571968,0.047640,0.706777,-0.303776,0.637116
111.987877,101.300018,7.571968,0.047640,0.706777,-0.303776,0.637116
111.987877,101.300018,7.571968,0.047640,0.706777,-0.303776,0.637116
111.987877,101.300018,7.571968,0.047640,0.706777,-0.303776,0.637116
111.987877,101.300018,7.571968,0.047640,0.706777,-0.303776,0.637116
111.987877,101.300018,7.571968,0.047640,0.706777,-0.303776,0.637116
111.987877,101.300018,7.571968,0.047640,0.706777,-0.303776,0.637116
0.000000,0.000000,0.000000,-0.001910,0.818042,0.000000,0.575155
-0.000164,-0.000073,0.001887,-0.004294,0.816959,-0.003826,0.576666
-0.000298,-0.000518,0.007637,-0.007154,0.815974,-0.009463,0.577967
0.000074,-0.001024,0.017018,-0.011922,0.815646,-0.014328,0.578251
0.000453,-0.001439,0.028539,-0.016559,0.815305,-0.019176,0.578477
0.001258,-0.001766,0.045399,-0.022952,0.814272,-0.024469,0.579514
0.002780,-0.002132,0.066230,-0.030216,0.812099,-0.029506,0.581990
-0.060569,0.058021,-0.037589,-0.024909,0.809810,-0.026742,0.585552
-0.081745,0.044206,-0.048857,-0.030149,0.809518,-0.027704,0.585666
-0.075553,0.061429,-0.034388,-0.032182,0.809295,-0.033606,0.585557
-0.081769,0.018264,-0.003755,-0.021457,0.812841,-0.027203,0.581454
-0.109320,-0.022939,0.005725,-0.023665,0.816785,-0.022314,0.576024
-0.135504,-0.032148,0.029080,-0.020571,0.821765,-0.024405,0.568932
-0.147183,-0.034956,0.043171,-0.021104,0.823165,-0.027597,0.566739
-0.159297,-0.037331,0.058277,-0.021507,0.822546,-0.030323,0.567483
-0.172245,-0.039094,0.073846,-0.022297,0.821158,-0.031353,0.569402
-0.187434,-0.040549,0.087854,-0.021780,0.819160,-0.033084,0.572196
-0.200369,-0.041543,0.103622,-0.020772,0.818363,-0.034884,0.573266
-0.213380,-0.078195,0.119249,-0.023233,0.818994,-0.026691,0.572710
-0.213380,-0.078195,0.119249,-0.023233,0.818994,-0.026691,0.572710
-0.255696,-0.135840,0.150660,-0.017351,0.824913,-0.031426,0.564118
-0.282255,-0.162408,0.166089,-0.015401,0.826091,-0.028387,0.562610
-0.452712,-0.198032,0.270793,0.016783,0.818764,-0.043149,0.572260
-0.452712,-0.198032,0.270793,0.016783,0.818764,-0.043149,0.572260
-0.372108,-0.295555,3.030179,-0.182977,0.806589,-0.167660,0.536491
-0.372108,-0.295555,3.030179,-0.182977,0.806589,-0.167660,0.536491
-0.263454,-0.309465,3.894243,-0.241933,0.777171,-0.196086,0.546831
-0.241132,-0.306813,4.095078,-0.253125,0.768013,-0.204184,0.551718
-0.241132,-0.306813,4.095078,-0.253125,0.768013,-0.204184,0.551718
-0.241132,-0.306813,4.095078,-0.253125,0.768013,-0.204184,0.551718
0.014106,-0.213078,6.408055,-0.347162,0.726084,-0.305974,0.508587
0.014106,-0.213078,6.408055,-0.347162,0.726084,-0.305974,0.508587
0.014106,-0.213078,6.408055,-0.347162,0.726084,-0.305974,0.508587
0.014106,-0.213078,6.408055,-0.347162,0.726084,-0.305974,0.508587
0.171431,0.048040,8.933954,-0.428764,0.694100,-0.352229,0.458608
0.172619,0.157658,9.788015,-0.451873,0.677210,-0.370379,0.447232
0.166669,0.190379,10.023213,-0.459039,0.671782,-0.375286,0.444019
0.160006,0.219423,10.232366,-0.465548,0.666759,-0.379973,0.440815
0.151098,0.253675,10.484223,-0.472134,0.658331,-0.387672,0.439773
0.140784,0.283255,10.709788,-0.477831,0.651561,-0.394863,0.437297
0.130138,0.310561,10.910887,-0.482979,0.645382,-0.401280,0.434958
0.086677,0.412478,11.593036,-0.502830,0.622786,-0.420238,0.427433
0.071698,0.444324,11.788516,-0.508769,0.616584,-0.425512,0.424168
0.071698,0.444324,11.788516,-0.508769,0.616584,-0.425512,0.424168
0.071698,0.444324,11.788516,-0.508769,0.616584,-0.425512,0.424168
0.071698,0.444324,11.788516,-0.508769,0.616584,-0.425512,0.424168
-0.379284,1.475164,15.355610,-0.572102,0.528482,-0.523897,0.344873
-0.379284,1.475164,15.355610,-0.572102,0.528482,-0.523897,0.344873
-0.379284,1.475164,15.355610,-0.572102,0.528482,-0.523897,0.344873
-0.379284,1.475164,15.355610,-0.572102,0.528482,-0.523897,0.344873
-0.809881,2.151895,16.996617,-0.624440,0.460614,-0.544080,0.319196
-0.809881,2.151895,16.996617,-0.624440,0.460614,-0.544080,0.319196
-0.809881,2.151895,16.996617,-0.624440,0.460614,-0.544080,0.319196
-0.809881,2.151895,16.996617,-0.624440,0.460614,-0.544080,0.319196
-0.809881,2.151895,16.996617,-0.624440,0.460614,-0.544080,0.319196
-0.809881,2.151895,16.996617,-0.624440,0.460614,-0.544080,0.319196
-0.809881,2.151895,16.996617,-0.624440,0.460614,-0.544080,0.319196
-0.809881,2.151895,16.996617,-0.624440,0.460614,-0.544080,0.319196
-0.809881,2.151895,16.996617,-0.624440,0.460614,-0.544080,0.319196
-0.809881,2.151895,16.996617,-0.624440,0.460614,-0.544080,0.319196
-0.809881,2.151895,16.996617,-0.624440,0.460614,-0.544080,0.319196
-0.809881,2.151895,16.996617,-0.624440,0.460614,-0.544080,0.319196
-0.809881,2.151895,16.996617,-0.624440,0.460614,-0.544080,0.319196
-0.809881,2.151895,16.996617,-0.624440,0.460614,-0.544080,0.319196
-0.809881,2.151895,16.996617,-0.624440,0.460614,-0.544080,0.319196
-0.809881,2.151895,16.996617,-0.624440,0.460614,-0.544080,0.319196
-0.809881,2.151895,16.996617,-0.624440,0.460614,-0.544080,0.319196
-0.809881,2.151895,16.996617,-0.624440,0.460614,-0.544080,0.319196
-0.809881,2.151895,16.996617,-0.624440,0.460614,-0.544080,0.319196
-0.809881,2.151895,16.996617,-0.624440,0.460614,-0.544080,0.319196
-0.809881,2.151895,16.996617,-0.624440,0.460614,-0.544080,0.319196
-0.809881,2.151895,16.996617,-0.624440,0.460614,-0.544080,0.319196
-0.809881,2.151895,16.996617,-0.624440,0.460614,-0.544080,0.319196
-0.809881,2.151895,16.996617,-0.624440,0.460614,-0.544080,0.319196
-0.809881,2.151895,16.996617,-0.624440,0.460614,-0.544080,0.319196
-0.809881,2.151895,16.996617,-0.624440,0.460614,-0.544080,0.319196
-0.809881,2.151895,16.996617,-0.624440,0.460614,-0.544080,0.319196
-1.333059,18.849369,24.012080,-0.730870,-0.429079,-0.374741,0.375885
-1.203988,19.872764,23.867257,-0.726172,-0.448624,-0.360396,0.376199
-1.203988,19.872764,23.867257,-0.726172,-0.448624,-0.360396,0.376199
-1.203988,19.872764,23.867257,-0.726172,-0.448624,-0.360396,0.376199
-1.203988,19.872764,23.867257,-0.726172,-0.448624,-0.360396,0.376199
-1.203988,19.872764,23.867257,-0.726172,-0.448624,-0.360396,0.376199
-1.203988,19.872764,23.867257,-0.726172,-0.448624,-0.360396,0.376199
-0.556448,25.280571,22.746882,-0.698945,-0.484980,-0.341822,0.399284
-0.453853,26.184911,22.510136,-0.695923,-0.489004,-0.338847,0.402180
-0.412787,26.553356,22.410375,-0.694909,-0.490468,-0.337606,0.403193
-0.249483,28.065776,21.986445,-0.692606,-0.491159,-0.335925,0.407694
-0.148134,29.042658,21.699720,-0.691141,-0.492088,-0.336211,0.408823
-0.107602,29.440371,21.579876,-0.691253,-0.491891,-0.336339,0.408764
0.055765,31.070016,21.073608,-0.709939,-0.474040,-0.335937,0.398019
0.159214,32.119703,20.735093,-0.722019,-0.462241,-0.334089,0.391671
0.253462,33.084271,20.415840,-0.733006,-0.452404,-0.331578,0.384823
0.371200,34.288764,20.007033,-0.742013,-0.445970,-0.327200,0.378772
0.469912,35.295295,19.657706,-0.748620,-0.442389,-0.323345,0.373239
0.469912,35.295295,19.657706,-0.748620,-0.442389,-0.323345,0.373239
0.469912,35.295295,19.657706,-0.748620,-0.442389,-0.323345,0.373239
0.469912,35.295295,19.657706,-0.748620,-0.442389,-0.323345,0.373239
2.027833,50.283494,13.601890,-0.768310,-0.518950,-0.242886,0.285302
2.027833,50.283494,13.601890,-0.768310,-0.518950,-0.242886,0.285302
2.027833,50.283494,13.601890,-0.768310,-0.518950,-0.242886,0.285302
2.027833,50.283494,13.601890,-0.768310,-0.518950,-0.242886,0.285302
2.027833,50.283494,13.601890,-0.768310,-0.518950,-0.242886,0.285302
2.027833,50.283494,13.601890,-0.768310,-0.518950,-0.242886,0.285302
2.027833,50.283494,13.601890,-0.768310,-0.518950,-0.242886,0.285302
2.027833,50.283494,13.601890,-0.768310,-0.518950,-0.242886,0.285302
2.027833,50.283494,13.601890,-0.768310,-0.518950,-0.242886,0.285302
2.027833,50.283494,13.601890,-0.768310,-0.518950,-0.242886,0.285302
2.027833,50.283494,13.601890,-0.768310,-0.518950,-0.242886,0.285302
2.027833,50.283494,13.601890,-0.768310,-0.518950,-0.242886,0.285302
2.027833,50.283494,13.601890,-0.768310,-0.518950,-0.242886,0.285302
2.027833,50.283494,13.601890,-0.768310,-0.518950,-0.242886,0.285302
2.027833,50.283494,13.601890,-0.768310,-0.518950,-0.242886,0.285302
2.027833,50.283494,13.601890,-0.768310,-0.518950,-0.242886,0.285302
17.741555,192.412136,-75.059532,-0.677132,-0.711148,0.189086,0.002639
17.741555,192.412136,-75.059532,-0.677132,-0.711148,0.189086,0.002639
17.741555,192.412136,-75.059532,-0.677132,-0.711148,0.189086,0.002639
17.741555,192.412136,-75.059532,-0.677132,-0.711148,0.189086,0.002639
19.273447,208.448854,-86.803612,0.642024,0.728613,-0.225828,0.077009
19.543795,211.411483,-88.962958,0.635162,0.731232,-0.231662,0.090563
19.813473,214.398086,-91.142247,0.628274,0.733247,-0.238756,0.103033
20.055651,217.106298,-93.120265,0.622878,0.733772,-0.246494,0.113324
20.350528,220.442911,-95.559070,0.616217,0.734304,-0.255530,0.125615
20.617511,223.501707,-97.796282,0.612488,0.731878,-0.265557,0.136721
20.724148,224.732073,-98.696670,0.611464,0.730447,-0.269283,0.141580
20.724148,224.732073,-98.696670,0.611464,0.730447,-0.269283,0.141580
21.414693,232.826764,-104.619196,0.604241,0.720352,-0.295327,0.169611
21.918974,238.846920,-109.026570,0.597928,0.713509,-0.311234,0.191105
22.451735,245.279221,-113.743108,0.593514,0.706887,-0.324822,0.206258
22.451735,245.279221,-113.743108,0.593514,0.706887,-0.324822,0.206258
22.451735,245.279221,-113.743108,0.593514,0.706887,-0.324822,0.206258
22.451735,245.279221,-113.743108,0.593514,0.706887,-0.324822,0.206258
22.451735,245.279221,-113.743108,0.593514,0.706887,-0.324822,0.206258
22.451735,245.279221,-113.743108,0.593514,0.706887,-0.324822,0.206258
22.451735,245.279221,-113.743108,0.593514,0.706887,-0.324822,0.206258
26.367526,296.800530,-151.762923,0.580278,0.738222,-0.299310,0.169466
26.367526,296.800530,-151.762923,0.580278,0.738222,-0.299310,0.169466
26.367526,296.800530,-151.762923,0.580278,0.738222,-0.299310,0.169466
26.367526,296.800530,-151.762923,0.580278,0.738222,-0.299310,0.169466
26.367526,296.800530,-151.762923,0.580278,0.738222,-0.299310,0.169466
26.367526,296.800530,-151.762923,0.580278,0.738222,-0.299310,0.169466
26.367526,296.800530,-151.762923,0.580278,0.738222,-0.299310,0.169466
26.367526,296.800530,-151.762923,0.580278,0.738222,-0.299310,0.169466
26.367526,296.800530,-151.762923,0.580278,0.738222,-0.299310,0.169466
26.367526,296.800530,-151.762923,0.580278,0.738222,-0.299310,0.169466
26.367526,296.800530,-151.762923,0.580278,0.738222,-0.299310,0.169466
26.367526,296.800530,-151.762923,0.580278,0.738222,-0.299310,0.169466
26.367526,296.800530,-151.762923,0.580278,0.738222,-0.299310,0.169466
26.367526,296.800530,-151.762923,0.580278,0.738222,-0.299310,0.169466
26.367526,296.800530,-151.762923,0.580278,0.738222,-0.299310,0.169466
26.367526,296.800530,-151.762923,0.580278,0.738222,-0.299310,0.169466
26.367526,296.800530,-151.762923,0.580278,0.738222,-0.299310,0.169466
26.367526,296.800530,-151.762923,0.580278,0.738222,-0.299310,0.169466
58.250611,674.301555,-437.377727,0.791745,0.527564,-0.304196,0.047767
58.250611,674.301555,-437.377727,0.791745,0.527564,-0.304196,0.047767
58.250611,674.301555,-437.377727,0.791745,0.527564,-0.304196,0.047767
58.250611,674.301555,-437.377727,0.791745,0.527564,-0.304196,0.047767
58.250611,674.301555,-437.377727,0.791745,0.527564,-0.304196,0.047767
58.250611,674.301555,-437.377727,0.791745,0.527564,-0.304196,0.047767
58.250611,674.301555,-437.377727,0.791745,0.527564,-0.304196,0.047767
64.132893,719.245936,-473.179953,0.806571,0.504535,-0.299452,0.072223
64.872430,724.651138,-477.521602,0.808109,0.501357,-0.299961,0.075001
64.872430,724.651138,-477.521602,0.808109,0.501357,-0.299961,0.075001
66.634376,737.326363,-487.734353,0.813883,0.493317,-0.294822,0.085520
67.491729,743.393484,-492.637704,0.817172,0.489162,-0.290509,0.092497
